100
-59 71
-6 82
-84 63
21 -17
-82 7
97 -16
63 43
99 -22
-74 -32
52 70
-92 -29
73 13
40 -71
97 -76
-54 3
9 -72
8 -81
-61 1
35 -59
20 -44
-38 -49
-50 60
-98 -23
-80 8
-66 29
66 54
5 -60
38 47
31 -69
83 2
-22 32
73 81
80 4
34 0
-30 40
81 -91
-78 -53
33 30
62 52
-65 27
30 -38
83 -15
32 -23
37 88
-83 70
-59 -95
-98 -87
43 96
91 20
46 61
96 -58
67 -10
-92 -62
-44 24
-9 -3
-55 0
5 -50
-33 -61
-48 87
-48 53
-19 34
-18 -23
64 -61
-94 15
-28 35
-9 -40
53 -48
-14 -90
-81 -29
10 32
53 -41
56 -80
-51 -86
54 -97
89 77
-10 -91
31 -91
-85 -1
95 39
-80 -2
-93 97
-43 -19
-82 88
-41 -34
-46 -64
12 84
-55 -59
-9 -91
64 85
42 -38
65 -60
10 65
91 -43
70 -76
48 -8
27 -48
-22 -10
-34 64
-96 93
62 -10
