500
27 53
-29 -5
99 -51
-94 -87
-48 2
14 -39
-37 -66
-96 97
-24 -54
28 93
59 92
-11 -31
55 51
-65 -48
59 -25
-92 -36
-81 -1
35 53
78 7
-95 -3
-24 29
-51 46
-6 6
80 56
-60 -71
79 74
-82 -95
53 97
-48 92
4 81
84 93
-52 55
-66 94
83 -42
-89 22
-29 57
87 59
69 -2
71 -83
87 -90
28 -77
-6 55
-98 71
61 51
-42 -6
-74 -86
26 -60
0 20
-22 -33
73 -7
-65 74
51 -23
10 -69
-61 -69
-76 -20
12 96
-96 -8
-85 -4
-65 82
-10 -79
-21 -59
-77 99
0 84
33 88
29 -55
-59 36
11 30
-59 30
44 40
95 64
21 -46
-2 -57
26 60
-88 95
70 90
-50 93
54 -16
77 -34
-60 39
79 -91
-88 -31
38 -94
-62 -46
-78 35
98 -19
64 -15
83 -16
-16 21
-34 -76
-81 85
-44 -54
-20 -29
5 -52
-75 -36
-5 -1
-71 50
43 90
-86 -26
76 40
-60 -56
-13 87
28 -92
32 39
-11 91
31 -26
30 37
32 -43
3 79
-27 -85
-83 49
32 -20
-42 -68
-61 26
-28 -74
-28 -37
-49 -74
-98 -11
8 54
-87 93
53 -29
21 -49
81 -94
-70 51
16 59
99 23
17 -66
-97 96
-73 48
-69 87
0 28
60 91
2 -76
5 75
42 40
-83 2
-37 59
6 -28
-17 49
-38 7
-24 39
-36 -87
10 -74
-45 -8
45 6
-25 -74
-74 53
-77 -96
15 95
51 -72
27 -85
17 -59
67 -56
74 -95
25 69
62 -86
-33 24
96 -40
-91 -10
42 66
15 63
-46 41
36 -25
82 -20
38 33
53 -98
16 44
-26 32
38 -70
42 80
35 6
41 -84
-47 -89
99 32
8 32
-70 -85
57 -71
53 -34
49 -77
-60 33
-97 87
94 -37
59 -22
-60 61
22 35
-63 9
33 -99
7 18
2 56
97 42
-10 59
4 -66
52 91
37 -47
-63 78
-14 98
96 -72
-92 23
-81 35
73 6
88 39
46 36
-78 63
-8 -36
-13 10
17 58
55 78
-69 58
-67 27
-37 -44
19 69
59 -20
-72 -68
67 -9
95 71
-37 -96
52 -94
74 -85
84 -94
-28 61
65 41
82 -10
-25 10
-27 9
-20 63
-63 93
29 21
83 40
23 45
33 5
58 53
-55 89
1 78
23 -69
79 64
20 82
-58 -76
27 -1
29 57
12 -31
-92 54
-60 83
-86 45
-90 19
80 91
-77 -50
-49 -27
-28 73
56 82
-82 57
-48 -36
-63 -68
56 -9
-59 -39
78 5
-8 77
-32 47
-66 15
-12 0
-5 -82
-86 -87
-40 -39
-32 -60
-79 -18
95 -86
-95 -32
-81 72
15 -15
86 37
-3 -32
74 95
39 49
-41 79
17 62
2 14
57 -98
71 -1
23 -88
93 57
93 3
61 -46
-67 8
25 48
-37 -88
-36 96
82 -75
46 -70
-86 67
63 86
-92 -37
-32 17
-34 -43
0 1
-77 31
-63 39
77 12
-51 -31
-98 25
-84 -16
-4 43
0 90
-95 42
61 86
-63 68
62 -61
80 10
93 -51
24 44
2 16
16 -77
-11 -25
-72 -44
50 24
44 44
68 77
47 -80
-28 42
-40 83
10 81
18 -59
-28 14
91 -12
56 79
93 -29
16 -83
81 59
89 41
37 -15
64 -57
-52 -85
-14 44
23 -82
-97 90
-73 98
6 41
57 -54
41 63
-53 34
66 87
76 -37
69 83
-10 31
-61 4
83 16
-26 -68
-76 91
-91 90
96 -65
-74 -31
24 -34
4 51
-9 85
-21 -82
-96 32
2 50
-21 57
-67 95
65 -90
43 9
-78 31
-44 -89
-21 0
0 85
30 -35
-68 -9
40 -6
26 -6
47 8
-15 -86
52 -82
-51 54
-68 55
-34 -68
-38 83
98 -21
9 94
92 -23
2 -14
-18 -7
-33 -19
-9 -51
27 -1
-51 91
56 45
98 -91
44 22
37 -77
66 -9
89 91
-86 57
-33 -29
59 -35
1 64
69 33
90 0
-95 -54
-61 60
33 -19
-78 37
69 36
-32 13
53 -77
51 82
44 -63
16 93
5 -87
93 32
79 32
27 97
19 -91
-96 -35
47 -16
-18 97
67 51
38 9
-20 -53
25 1
43 9
-99 -83
74 -92
28 1
-2 53
-4 -45
-3 -94
0 -5
-37 -17
10 -98
-43 19
62 -30
37 8
-52 -74
61 9
-33 23
54 84
40 -72
71 5
-68 0
-58 85
-28 50
43 69
2 27
72 61
-84 -84
-25 57
40 15
-14 59
-6 54
96 68
-48 -85
28 -60
-7 37
67 63
63 -50
74 60
65 78
-32 61
-22 99
70 -66
-1 -50
45 91
-90 -24
-40 25
-59 87
-39 40
26 71
-74 93
90 -13
97 28
5 -2
-12 -63
-11 -32
49 35
-98 -71
93 -73
-35 88
-79 94
-27 15
-91 79
50 42
-4 -13
-71 34
7 28
86 -80
-76 -84
27 17
-13 20
24 12
29 -74
-30 -83
30 49
-76 -67
23 -76
-74 63
32 88
-84 -79
-29 -90
-65 -46
22 28
-86 -42
-50 70
-92 49
