10000
92 72
-11 -36
-83 3
62 84
50 97
67 64
52 80
-68 55
23 90
-56 -70
-98 97
-99 -15
-53 -30
-96 74
-70 -28
29 -77
87 -1
-47 -27
-86 -22
0 78
45 48
-97 -24
40 2
20 31
15 -35
-21 -1
19 87
-38 61
33 14
-54 -39
26 -76
-40 -41
4 13
-82 -97
73 43
-65 -24
4 -76
-55 -34
87 -7
-7 42
55 -62
-54 -29
86 -22
-11 -37
69 38
38 -70
93 39
-70 89
-82 17
-28 -46
38 24
30 39
59 25
81 15
-41 -14
26 -37
85 30
86 98
64 11
11 -9
6 78
-1 -77
-98 99
29 59
7 27
43 -23
-97 22
53 21
90 -97
53 -79
63 59
-28 -8
-86 -28
-81 -3
-43 38
-69 5
72 33
-16 -92
-49 0
77 32
-17 -28
-92 -29
-79 29
-34 59
-72 -83
-95 88
87 -39
29 33
-11 95
-93 35
-30 -92
-82 47
-22 40
7 -15
45 -90
27 51
-99 81
45 13
-85 -97
-53 -92
25 -94
88 65
64 -94
-65 97
-11 25
-22 99
5 -37
-80 83
37 -34
-49 -69
-4 12
65 77
-86 2
-17 -62
32 70
-17 -20
35 -77
52 -95
2 31
-65 -46
-36 8
15 -99
-6 33
-26 99
35 -12
-44 97
-82 -91
40 64
-8 -67
59 59
-88 46
76 11
34 95
-13 -27
37 17
-91 -10
93 -78
-5 55
91 -12
-44 -59
-2 -77
-5 -29
82 30
-25 18
-10 33
-86 -98
-66 -36
-58 -79
34 -9
89 80
72 26
-78 -31
53 26
-40 50
40 87
43 -22
1 -29
-13 21
-63 41
63 97
-99 -43
-8 -81
-90 -91
18 63
-89 37
-30 47
-98 44
43 45
-49 -79
22 73
-2 16
88 17
-1 -13
30 -10
15 -99
13 -82
-70 -27
-53 -72
-52 -54
46 88
-1 13
-11 -82
-90 42
29 -94
-29 -39
92 -52
-77 -35
70 -98
49 -47
-49 78
-64 75
-36 -67
91 54
-24 12
-33 -33
63 -41
32 91
43 -51
-24 2
-3 -83
31 11
4 40
-33 -16
58 79
-96 48
44 86
-30 -1
11 -33
-63 54
-40 -84
32 -60
-4 -34
-71 -9
-53 67
-26 44
17 -62
-86 -72
-58 -57
-21 86
1 -62
70 -94
69 65
11 -48
-39 41
35 84
-42 30
49 -73
14 -73
-33 0
78 1
-12 21
-15 -45
-65 35
-56 -80
46 28
59 36
74 -66
69 -21
17 10
95 -68
72 21
-85 37
-82 92
69 -7
80 70
-39 -86
-91 -73
41 -17
-49 5
46 79
8 -25
-31 -51
38 43
-73 -87
58 -59
66 -41
-29 51
-90 12
3 -95
-51 62
96 49
5 69
83 -94
-70 92
-8 70
86 5
-20 -39
-97 18
-34 89
-51 20
29 84
87 -34
5 22
91 -35
1 11
-98 23
39 -78
27 51
-3 42
58 16
-38 10
-65 -79
86 30
27 22
-25 -32
6 -38
-37 57
-76 -28
-7 22
-46 95
-80 -21
56 45
-67 -36
7 33
27 -81
78 -56
-64 8
-42 -62
2 59
46 -66
51 -46
12 77
-70 -20
0 -19
-40 96
-90 28
-16 -46
-30 64
14 68
48 82
56 65
47 37
-77 -66
-57 57
35 0
-67 -23
-3 -77
-73 97
92 -42
14 22
-3 -18
-24 60
71 -50
28 -62
10 81
-33 -50
54 -68
0 6
-57 -13
12 -28
-66 -29
11 48
54 42
-48 75
43 64
-62 32
-40 44
-13 66
-5 0
31 62
14 11
-98 -36
70 53
-13 90
68 -59
22 21
-53 -29
-29 -48
-8 71
-28 3
-28 85
-65 33
-51 -10
-97 -78
48 -61
47 -30
99 -56
-43 -62
70 -69
-27 99
8 60
57 57
64 92
-13 -47
-99 -53
9 85
44 -61
80 67
-42 21
-24 -90
-96 -29
13 -90
-55 24
-23 -56
-82 -18
-81 95
-96 88
35 42
92 -61
-54 24
85 -55
52 99
66 -64
0 52
39 98
54 62
-81 5
-79 -24
66 -80
-89 -18
73 -11
-77 -67
60 71
17 46
44 76
82 12
-48 2
-63 56
2 -51
11 77
52 -23
72 68
-79 35
-58 -25
-48 93
78 -9
-22 21
56 -61
-28 -56
-92 12
-38 87
-74 80
93 -28
-98 8
7 -99
90 -74
-92 68
-26 75
-52 -58
22 -71
51 53
-17 53
94 -27
-83 83
62 59
14 62
96 29
1 53
-67 66
73 -53
-57 -28
41 8
-75 -34
46 87
46 77
56 -4
10 41
19 9
72 71
-13 95
1 -80
-17 33
-85 -2
10 28
-57 -1
89 -42
18 3
65 -42
36 -34
68 27
86 59
-9 31
66 -65
-42 12
58 -69
-91 90
37 -28
-38 -95
83 39
50 38
-60 -80
-47 -79
24 10
-25 -73
-39 -33
10 49
26 18
22 -42
-8 -4
-86 -71
33 31
-57 -88
94 4
-94 -67
63 18
89 -6
83 72
22 -41
42 89
-54 64
-53 -62
92 -76
22 -64
-43 43
89 27
10 56
-50 63
-39 16
-3 -53
-80 65
74 79
23 64
-34 -67
95 -90
63 96
-38 -28
98 97
82 -63
-72 -13
83 -37
28 18
-74 32
36 50
-21 74
33 -37
-4 82
-97 -18
-47 -10
58 -10
-57 -67
-25 0
14 -28
-24 -55
40 -5
-29 32
95 65
-76 53
-81 -12
-69 -12
-9 97
-58 -9
-45 9
4 -78
-79 18
68 -28
-6 -54
47 16
89 69
-20 -10
64 37
10 39
75 30
-18 -75
54 -85
-50 85
-34 9
95 1
28 -27
56 40
69 44
83 20
-73 -81
64 -30
74 97
2 95
-22 -57
11 63
-52 8
95 -44
67 -5
-42 15
-66 32
6 91
69 -8
9 -84
-59 -1
-66 -3
-66 10
88 61
-35 70
18 -45
55 93
8 93
6 -3
-78 9
-54 2
14 69
-59 -49
67 -36
-26 71
-49 32
9 -30
-96 -69
47 -60
-82 -77
40 -98
52 54
-46 80
0 -55
85 -23
-46 -5
-50 81
68 24
62 -26
-7 -37
82 -15
-82 56
-17 -63
32 43
59 85
-77 -10
61 -62
-70 -87
65 -2
-79 -72
99 -87
48 92
60 -65
23 48
79 -57
90 20
-29 -80
16 -41
89 -30
-89 55
-35 -38
2 24
-81 31
80 86
36 35
-5 -37
-55 -49
-25 -73
-54 32
18 -28
58 -9
-27 31
-6 -16
-94 -43
17 -67
-20 -28
24 18
-46 -41
-63 -50
-51 -94
-30 65
95 48
-7 -91
84 40
-11 65
67 8
-44 -35
-98 -1
53 -41
81 23
-47 -82
56 -80
47 48
24 -31
76 30
-67 -40
-10 30
42 -84
22 -1
-29 -66
92 -13
0 65
-44 29
-14 -24
27 -14
94 57
68 63
50 -55
55 -33
-9 -46
-39 -25
29 10
-69 22
35 -39
-92 -97
-20 -29
-76 -81
88 -24
-4 5
56 -54
0 91
-68 33
66 30
4 -93
50 36
-97 -31
-48 94
-26 -5
-68 -69
58 27
-85 91
64 -43
19 89
-53 37
-17 79
-40 -80
-92 -2
-8 -78
-64 -57
66 -48
-31 -98
45 -91
53 -3
29 57
-3 -19
74 21
12 -87
-93 -99
19 -87
87 -98
-23 -64
-19 73
-63 -93
14 90
11 5
58 -17
38 -46
47 -63
-43 72
-94 -29
-78 51
-98 96
6 77
57 97
-88 35
28 -45
47 -94
-7 52
56 81
-48 47
15 -47
-44 -28
18 73
41 -3
-44 22
-26 58
-2 -81
68 -69
-6 -57
88 61
-40 -96
-95 -53
-10 -39
57 51
33 21
27 -65
50 -23
-28 84
35 6
84 -14
27 0
81 47
-5 -77
-2 -46
-77 -98
51 -67
-64 37
94 -48
-3 -81
43 -15
-91 -61
-95 34
14 41
-57 31
63 81
64 87
28 63
-51 61
-51 -88
-83 -93
28 64
63 -42
-52 -42
-17 -73
42 -46
-3 39
-26 -62
33 -59
44 -61
-2 -13
7 -90
-6 -92
-64 -7
10 -27
-30 -98
91 71
43 43
-26 -22
-35 56
52 -87
10 4
26 23
-10 -43
11 -43
-33 13
55 71
-5 -95
-12 43
95 15
22 -12
73 -62
72 -47
-13 -61
60 98
33 51
34 -16
-10 11
77 19
20 -57
-87 -64
-32 -4
81 85
-11 14
-44 22
29 -26
-28 -62
91 -79
21 -51
26 -24
-81 -90
65 66
-64 72
80 -68
68 -91
-58 -20
49 98
-13 50
-52 -82
59 90
-62 -46
84 -72
-87 -63
12 32
19 -85
86 92
31 -94
56 84
-77 -33
-67 27
-6 -18
72 -41
-32 -3
34 30
13 95
59 -38
70 24
23 49
16 15
-92 46
70 -57
-5 -39
-35 -74
-39 -36
3 7
-42 97
33 31
42 -71
-52 -39
-47 -26
-90 -71
13 13
80 -59
-43 -8
-4 73
-87 -60
-65 -72
-49 98
-24 6
80 55
32 -13
-68 27
29 86
85 -90
31 1
70 97
-49 73
0 -58
98 78
-85 38
97 92
27 41
10 64
-42 54
-77 -13
40 -45
-73 56
33 91
88 -88
-82 -70
-55 -49
-66 59
30 37
-69 7
-73 -39
-5 47
93 4
-15 -70
-7 74
81 16
14 68
50 -29
88 -69
-89 31
10 -77
60 64
82 60
70 -72
97 -1
88 75
55 61
-63 -88
2 96
-41 -80
-40 -37
55 34
75 -6
27 81
67 88
88 60
-55 0
45 70
-58 79
8 92
10 -66
17 23
-38 82
67 -15
9 63
76 55
25 -24
-69 29
-53 34
-66 85
70 82
-72 -60
32 5
-76 -59
80 -79
84 -13
78 -31
81 90
46 -22
-18 -88
-82 -31
-36 -62
80 -92
-22 4
61 -36
40 23
-9 -60
79 0
23 -26
72 82
-86 -45
-44 -69
61 -4
-69 62
-97 10
32 -51
99 62
62 -61
-36 38
75 24
-69 66
68 77
-80 -72
32 17
96 -16
-98 -35
-42 -64
-65 48
-62 -7
45 -18
55 51
-80 37
2 -6
-11 29
-26 21
-1 12
-23 76
-51 16
-40 25
-58 -93
25 -29
40 -80
-87 -94
38 69
62 -98
93 91
82 29
81 62
-18 88
82 -8
-96 -86
20 -82
95 -81
70 34
82 -57
47 -92
-55 30
36 -55
85 93
81 -51
50 26
39 13
-34 65
-55 6
83 -6
-88 28
99 57
35 57
97 -41
69 -11
-25 -37
8 -57
-10 92
-6 -19
-40 73
-82 43
7 72
40 86
-28 35
-74 31
-21 97
-32 -49
64 80
-44 53
45 -58
-51 -11
42 -75
51 94
91 -21
15 75
-58 20
-75 45
-3 28
37 -56
-46 -44
-55 19
-77 2
-87 -62
-39 -78
71 14
81 -99
-35 58
-47 -17
0 -60
-62 29
-74 -65
40 48
-66 -13
61 -83
-70 71
13 74
-95 39
-6 1
34 -68
0 21
-93 92
66 -83
55 62
-50 -54
43 83
-86 19
63 40
-10 95
-21 -59
57 -29
91 -45
28 -49
-11 92
19 -64
0 -22
-97 -47
-71 66
-75 -68
-8 -14
94 -63
97 -24
-97 -57
69 57
96 96
-21 -10
91 -68
31 -60
48 3
14 -74
13 32
-21 -74
61 -48
50 -83
52 -20
5 -56
-25 -62
29 26
-49 24
-53 67
-71 -66
73 -82
81 -71
63 62
-15 26
-48 7
-93 11
22 69
20 54
12 -90
-63 -63
-67 36
11 81
-86 17
91 51
-66 -1
2 36
-72 91
33 70
29 -26
-49 4
-62 3
-79 95
39 -7
70 38
0 -52
53 54
-95 -9
50 -64
78 44
-71 64
-23 6
22 14
-4 0
24 49
-71 62
-78 1
83 64
97 -97
-36 92
-15 91
47 -67
87 61
34 -50
-57 -3
-47 30
88 87
-99 7
-58 76
84 -69
-41 16
-31 -63
-75 39
-80 46
83 9
-56 37
36 92
73 -36
15 81
75 -64
8 76
19 28
44 47
20 81
70 -10
21 -53
48 -34
39 -84
-26 25
-20 52
8 -64
-65 -61
17 81
-98 -98
87 -14
-43 -87
-87 -50
-6 -48
25 -66
66 -42
12 -39
59 -86
16 -23
-14 72
-86 51
-42 61
-9 -44
50 -59
16 -13
15 93
-18 51
59 78
7 5
-69 55
54 -15
-12 -80
4 56
94 -66
-11 -21
75 -13
23 20
-47 38
69 -19
12 29
32 96
39 42
-73 12
-78 96
-54 95
90 -88
26 -27
84 19
65 96
-66 98
66 82
-98 -42
-88 73
-51 -32
70 -74
-79 9
81 32
-11 44
-49 -54
97 -46
-62 36
-91 -45
-35 77
-92 64
3 24
65 41
82 -95
-51 -9
-81 -63
-41 -24
72 -31
46 16
92 -75
89 16
53 -11
82 -57
-45 18
-4 -74
0 54
-39 50
-99 11
98 -10
-18 87
80 -77
31 35
38 -13
86 23
-12 5
22 -60
29 -47
-62 -39
7 -30
14 -17
-26 83
99 -80
-61 40
67 0
34 -93
21 36
-42 79
-21 37
-27 -85
98 44
68 -87
-2 50
-71 -2
-48 47
19 -66
14 -7
-74 69
-3 8
67 75
-52 26
-85 9
-79 -63
-79 -32
-94 -81
64 95
0 84
-21 78
56 13
46 86
4 69
-71 11
-36 -68
-53 33
45 72
-10 23
-51 33
-88 4
30 -25
-5 -30
-4 -18
48 -73
-38 -47
-33 -76
-54 17
-59 41
-9 6
-54 -35
53 -7
45 44
9 8
-40 58
4 22
25 2
-42 -47
83 0
36 93
-17 -75
-84 -20
23 82
82 -5
-2 -75
-40 -36
-72 65
-84 41
-23 -69
-58 0
-18 -98
52 -86
-13 -4
-32 96
-60 56
-92 30
60 -36
-23 -45
45 2
54 -54
80 -34
93 84
90 -37
28 -84
43 -94
5 7
6 37
-60 82
95 6
53 -85
-93 -86
-87 34
1 -70
93 -54
88 -8
33 16
-9 -20
43 -72
-31 -82
8 2
86 -89
-69 -46
29 -2
-47 41
-43 28
39 -80
99 -77
39 -46
-97 -24
-79 -98
-12 84
23 63
64 42
90 45
81 -5
-49 -4
64 11
11 10
-18 64
-66 75
-52 -6
-92 82
28 -81
31 -6
33 84
-23 -16
-17 -21
78 -75
40 -14
-81 43
-6 65
57 17
-52 39
30 16
42 86
-44 -48
20 80
-13 32
-6 0
-77 -97
52 92
-39 -87
-93 -48
76 -46
-44 -36
38 -89
-9 -20
26 55
98 -12
-74 -41
-54 -59
47 77
73 -90
-93 -57
-83 -21
-94 73
-25 80
89 77
75 -87
-81 57
-95 3
71 67
-54 -3
-91 -48
-55 -11
-22 5
-50 34
-28 -46
3 -14
87 -78
-55 -17
-88 75
-67 46
63 93
-3 -63
-14 -87
-11 10
93 86
49 -31
51 -42
-54 18
-10 -59
99 41
64 9
0 34
62 40
-26 72
-2 19
-32 45
73 93
74 78
64 8
96 41
28 87
-12 -5
-95 -70
-74 -88
9 -16
92 -61
-30 -44
22 -87
85 16
-10 64
-12 15
54 35
89 -18
80 -97
42 79
20 -77
-24 -19
-94 -27
16 31
22 -24
-2 18
41 -49
-72 80
-82 -81
75 -34
19 2
64 60
-59 60
65 -82
7 0
67 -85
-26 88
92 -29
4 -65
39 -12
74 -33
86 -43
82 -83
56 -32
-12 49
-84 -92
3 53
54 -82
70 36
-77 19
-46 -56
28 -3
71 -98
5 17
99 -38
92 -14
-87 76
17 98
-18 -40
45 64
-35 27
-19 18
-93 -63
-3 -30
-77 -51
37 71
-8 42
-13 16
21 -90
83 45
-87 -40
-73 -41
-47 -95
-40 -81
-97 24
91 6
42 59
-67 -13
30 17
-24 -8
69 98
85 -39
-51 52
52 -3
17 52
-16 -84
-38 -1
42 -40
10 -55
-79 23
-22 -78
0 8
30 -91
-31 94
-64 -73
57 -87
-59 27
-31 93
52 -44
98 83
-98 73
9 75
-15 67
-65 -34
-80 99
50 2
-46 -62
12 -66
16 2
-84 -76
75 -24
-19 -31
-24 -98
60 -53
96 55
-3 64
-66 45
-96 52
37 31
89 -97
7 10
-4 -16
-43 -53
-13 15
52 -24
86 -84
-87 -88
52 34
14 55
33 -2
-6 -60
-82 68
18 -98
-29 -5
-29 65
-5 19
87 -59
-87 45
-96 98
18 70
-7 -44
5 -63
-74 50
-82 -95
-8 -32
85 -16
-37 -47
-59 -7
63 -68
-54 -4
51 -99
-36 -72
-58 72
-6 -23
-70 -16
66 38
77 -21
-8 66
-56 90
-18 -94
69 -23
53 -81
-38 83
-31 29
-54 54
46 8
73 -76
34 -90
21 -11
79 -36
51 -90
-80 -2
99 -70
99 -78
-34 62
-53 47
-19 44
-41 -76
53 64
7 -47
-39 -47
46 39
-19 11
-80 24
-79 -61
70 19
-41 -10
-59 48
-52 -46
14 15
-94 35
40 60
24 -41
94 3
19 -63
-50 15
82 63
-95 94
45 73
27 -39
-20 -4
-92 -82
22 71
18 -67
-93 15
-92 19
28 27
70 -73
17 11
-47 5
89 -4
-94 -4
81 -93
96 -81
-23 81
-80 -80
88 -70
-97 51
35 -62
81 47
-4 36
-64 -81
-74 8
-27 51
-82 -7
82 -60
58 -23
-55 -81
-83 93
-86 53
-21 5
70 54
-20 -90
-95 -61
67 -32
-55 -18
-52 -47
55 -79
34 -25
94 22
-24 -69
-9 -28
-29 -44
70 -85
-97 -58
-88 -65
65 52
16 38
60 -73
81 98
-4 -27
-88 97
-87 34
89 3
-97 -68
12 77
-60 -42
-98 -76
-96 49
93 8
21 -17
81 93
-25 17
47 62
-62 -85
-73 -30
38 17
68 69
0 75
-48 19
-55 -66
77 -66
-28 2
-49 77
-54 18
93 -90
57 -39
-55 -67
11 -8
24 48
-86 76
-50 81
58 75
27 82
-44 -12
-35 75
-32 -20
-63 -35
71 14
-43 -48
89 -36
46 -38
-57 -22
48 -11
-4 23
64 -82
87 88
-43 -71
-9 2
-3 9
-67 -97
-30 -52
-60 -7
98 37
26 -15
-17 -26
29 21
48 -72
-56 -64
0 -76
30 -55
96 -84
92 60
70 -73
-68 83
95 -5
52 25
-70 63
39 86
-12 -74
-97 55
-98 60
56 -63
76 99
11 -52
-22 57
36 -60
-87 -76
-47 68
30 -81
-92 89
35 26
0 -61
-47 -87
47 -51
-30 82
-83 -90
48 11
89 -45
-23 -39
-95 61
23 85
-39 92
-16 -14
-99 78
-46 -32
77 -64
30 67
87 24
-46 43
-64 -4
63 43
7 69
-55 -52
-82 -15
-53 38
-24 52
-97 -35
54 -22
-13 24
-59 -8
-37 -80
72 84
-48 -28
-32 -79
-59 -86
72 -24
94 31
-3 -47
38 -45
-72 -14
-36 84
-18 -27
47 -72
-55 -33
49 -63
22 -2
48 8
-91 -47
-69 -54
-28 -13
62 -62
6 -97
79 -12
-38 34
-96 -68
10 -26
-74 -15
-56 37
62 -58
-53 22
99 -99
83 -92
-99 49
91 -20
22 29
90 54
26 87
-4 93
-88 -25
-87 55
83 -13
-28 -68
-17 46
78 -64
82 -40
26 -25
56 -63
-14 -87
1 -71
25 -80
78 8
96 60
-28 -38
-53 81
81 87
13 -66
-10 -41
-80 -51
-80 -25
15 47
38 6
-61 86
1 7
-81 91
27 28
-86 -86
-29 -19
88 62
-49 33
-19 44
7 -18
92 0
-98 71
-65 19
60 -50
-98 -74
20 98
-85 54
-83 64
22 1
65 50
19 94
40 34
99 -98
-44 -74
95 18
22 -30
61 -31
-98 -29
-15 -66
92 0
-35 58
-28 0
-58 -21
-85 46
-14 -40
21 72
70 26
-23 -43
4 -20
-61 -86
-14 -99
-56 56
-77 -28
86 -53
-40 57
49 70
36 64
2 25
-64 -86
-76 91
85 43
-2 -42
-2 -50
-4 52
56 -40
-52 99
-25 -40
29 -77
-25 -28
35 -45
59 6
-94 -37
47 52
26 20
-46 -5
-22 -65
94 -14
-53 -42
45 -69
-58 -71
29 20
-34 -57
-47 98
72 80
56 -2
9 96
-82 -83
0 -42
-26 37
-74 0
-48 9
2 -54
52 -88
-24 -69
-93 34
11 -93
94 -46
-32 29
-48 79
95 -3
-57 6
-94 80
-17 5
33 19
-76 -85
47 4
-99 -38
93 55
87 -62
78 -65
84 30
-26 -6
-68 81
64 -14
13 54
-64 -74
80 90
-50 78
-2 78
94 49
-54 -19
-61 21
-37 -20
-11 25
27 43
-23 -34
66 55
82 73
17 -16
5 23
-21 -57
-54 -16
60 20
91 83
-4 -84
-43 -71
-11 61
80 -73
-92 97
-71 5
79 -17
-60 60
-81 -81
24 -50
82 -91
-72 43
-71 -99
9 1
0 5
26 83
35 -86
-7 -28
89 20
-56 -51
-80 -38
-44 -30
-70 -18
-52 42
23 -24
5 -99
-48 17
45 99
89 -10
-23 67
33 -37
52 3
-74 -86
-35 -36
50 -4
93 19
41 54
-32 67
72 -39
-33 -57
-73 -33
93 -1
65 59
-34 49
-58 23
21 -56
66 81
4 -36
93 29
-70 12
5 -32
-42 28
92 -8
66 -3
-1 63
-10 0
-16 62
30 -37
40 -72
-17 -90
55 -36
-37 31
-46 94
-71 -57
95 -95
-78 -61
78 70
-3 19
81 59
-46 -11
55 -84
-80 54
-86 31
-50 -67
52 8
10 99
52 -82
-22 -45
-55 5
-11 -15
5 -87
-79 22
-15 33
-15 -74
-16 12
-92 77
-39 -21
55 -3
-22 -27
79 48
-96 -48
-30 -99
43 -61
-92 -11
-89 48
46 -48
-1 -73
-64 -45
-95 -57
-11 -93
-94 56
-68 29
21 -29
71 2
-16 -95
50 76
-44 -9
-75 -1
19 -80
11 74
30 -35
-36 -54
51 33
-98 -85
51 88
-61 -98
10 -85
-54 -62
47 40
27 6
66 11
-70 55
-38 42
92 -63
22 -85
-14 -7
92 74
-49 27
-56 62
16 -37
84 -44
-47 2
53 -87
88 49
-95 78
61 84
-84 -89
-13 49
33 -16
-86 10
58 -14
-40 0
18 -24
-39 -40
95 55
93 78
-33 -12
-12 62
93 93
17 -77
98 92
-73 -17
9 -63
-38 39
-78 -77
82 65
80 45
-73 86
-22 29
-79 -23
-78 28
-59 90
71 69
-49 -33
-56 -4
28 38
45 24
1 -63
-66 -41
-93 -51
0 -90
-78 38
30 69
0 40
-28 -26
45 -8
89 -61
60 34
13 71
-74 61
82 68
-96 -61
93 -68
78 77
32 -60
11 42
-47 80
45 96
16 -76
-92 -40
-70 -41
30 -44
97 0
59 70
-54 -4
-1 -62
-8 -43
13 0
-19 -64
72 -24
-58 3
0 42
-32 58
-58 -74
63 -37
-53 10
78 0
-90 27
95 56
-97 -62
-77 79
-87 -97
40 13
80 4
7 37
57 75
-14 -47
-19 -28
18 21
-54 19
90 -99
92 11
16 -60
-5 24
-90 -41
72 -43
65 99
30 26
-54 61
-31 12
-90 -94
17 14
-60 25
-25 31
-20 -42
92 -88
93 -48
-21 44
-31 -33
10 33
-30 -71
-31 -83
-14 73
59 -24
-40 47
-85 -97
91 67
55 -62
-68 44
-70 -79
23 81
34 84
-39 -64
32 23
99 -53
47 28
57 -90
-10 -94
15 28
-29 -17
76 -74
-72 42
43 93
-22 -62
-81 -51
44 -17
-63 -94
-42 -25
-92 -77
-88 91
-61 9
-98 72
-68 -47
11 -75
63 71
38 4
56 31
-96 -57
-20 58
-57 -67
4 -5
56 68
-40 93
98 11
-15 83
78 76
93 0
-63 17
-72 94
42 -33
-24 -79
-22 -67
10 64
6 -40
-61 -13
-83 -61
-19 84
9 78
-37 -35
-59 -40
0 -31
-63 0
59 -72
-59 82
-16 88
59 38
26 -26
97 -37
75 27
81 -9
94 70
-60 41
-96 -70
82 46
18 28
1 -1
92 -36
97 -52
90 36
69 -9
56 -1
50 -22
-55 49
-89 47
91 38
-19 -87
46 -54
29 -42
49 46
46 86
-93 -80
38 -59
-29 21
51 -41
-15 -34
66 0
72 -50
99 97
-39 -78
32 -8
-34 39
11 -89
13 8
-44 71
89 49
-94 25
-63 72
87 -77
85 -70
-1 17
-83 -14
-91 -53
28 -60
-93 -76
19 -67
-43 23
-23 76
-10 -42
35 96
33 12
9 -26
40 -65
-45 65
96 -63
-68 30
-85 19
2 89
-16 6
6 9
1 -64
39 34
-14 39
-33 84
-24 -31
-97 -27
-5 35
-55 -32
26 74
-39 66
83 -82
56 -76
89 65
-53 5
19 6
0 -30
32 -13
76 -80
-99 24
-45 -76
24 43
14 57
-59 36
-42 12
-67 -23
-57 -65
-92 65
-87 5
54 12
-33 12
-32 -90
-42 25
-5 -88
58 -10
-39 -28
-67 87
85 -91
20 91
-72 30
23 -79
-72 -97
47 7
-31 -8
-84 -55
-55 24
-71 -7
16 68
54 -95
-39 60
99 34
-69 -29
54 7
-80 -77
-61 -37
25 -3
52 81
4 63
39 -61
-85 98
-67 80
-22 -74
64 84
72 33
96 -94
-62 84
-64 -56
66 -31
-31 -18
-22 27
-4 47
-88 39
84 5
-10 54
39 -74
-92 -5
76 -96
37 56
-37 -36
63 99
-16 17
-37 68
-81 5
68 -7
46 45
84 96
-13 -65
-5 40
-41 -93
76 -42
11 5
-19 -53
-45 85
-77 -11
84 -21
-28 44
-88 15
-4 -3
-10 -25
-15 48
-36 -85
-99 -35
13 0
-79 -79
61 38
-48 55
7 20
-41 28
87 98
-77 -40
49 71
-10 65
-75 2
51 49
21 -23
-26 90
-55 -17
43 94
-63 -28
96 -65
45 65
10 -38
-19 24
-60 87
-39 -53
37 50
59 -27
24 63
-22 54
65 13
87 48
71 96
-22 61
-80 46
15 -80
44 -55
75 -86
-3 45
94 -37
30 43
8 -25
20 -31
52 -12
52 -81
-44 52
-12 15
-3 46
30 95
-81 83
-51 4
-70 -22
70 -92
-96 -18
-35 39
25 -80
51 11
15 -40
16 -54
9 -25
30 81
48 -86
77 86
-35 92
-63 99
45 72
84 -65
85 -13
-35 54
29 -10
74 -6
85 83
-55 95
-16 -44
21 -4
50 -63
17 -20
3 -43
79 46
-16 42
34 92
-63 -66
12 -89
-20 -71
-34 -53
-70 61
70 -75
-2 -11
-57 -52
-5 64
71 44
12 84
-53 -68
-18 36
22 77
-97 -59
-2 87
-74 77
43 -28
73 -11
-84 -95
-90 -38
34 -88
37 33
87 -77
-21 75
12 -20
11 51
-78 60
20 -91
-62 -23
-66 69
-15 -66
38 -73
-19 50
50 64
64 -24
-24 -41
69 -81
-48 90
72 -24
3 -79
72 -37
-97 -20
-97 -48
-36 34
-4 -26
-15 70
-42 32
32 66
50 -9
-75 -63
60 77
76 73
76 54
74 2
3 48
64 7
-92 72
88 -56
-99 -82
-12 63
60 31
55 -90
86 72
56 42
-36 -91
19 0
-2 84
93 -86
2 -33
61 -23
90 -86
13 11
43 61
-15 -47
23 -78
-87 88
-77 17
97 -50
-44 -67
-20 64
16 58
73 -56
-89 -18
-34 56
-54 66
64 8
-95 1
-86 68
16 33
47 35
55 -95
-56 66
-5 3
-95 -67
-76 -49
-83 86
46 -63
-20 35
-86 -47
59 60
35 -48
84 -4
-92 -57
-16 -33
49 -76
37 0
-21 32
-4 -42
35 -92
-46 27
-23 32
-45 48
62 12
82 85
-18 -74
-85 5
-11 68
-19 -97
-50 -15
98 -26
-25 -66
-56 -22
-38 -71
12 72
-50 -72
-76 -88
96 -7
-30 56
-77 3
60 17
42 -97
-38 93
-10 65
62 63
-26 -33
-71 -55
-36 0
62 8
-93 16
-82 -21
-4 -35
-76 -23
52 8
52 32
26 -70
-13 86
-53 9
61 92
-30 -10
46 40
36 -54
-27 -57
-74 -24
-96 95
60 52
-93 -20
73 59
33 -90
-34 46
-76 67
-62 57
57 -49
28 37
91 -6
64 -37
-7 -52
1 -23
-1 51
26 -86
-92 -28
-27 -55
72 -68
-88 -32
-97 19
-57 -51
-9 54
-82 -7
84 10
26 -63
0 52
-81 -98
66 -45
-22 39
-55 38
10 66
47 -51
-91 -50
65 81
87 -52
57 -86
-73 -52
32 74
5 -42
8 45
-7 -4
56 79
-30 -12
-28 -38
78 -66
90 -83
-37 -75
2 -16
-94 -20
-29 55
56 92
-28 8
69 71
-81 -74
26 -93
23 5
27 -17
-31 -42
-50 85
15 -33
-6 64
50 -22
74 -50
37 74
74 85
34 97
49 28
13 -83
85 -5
62 -51
31 -9
-14 -70
91 37
83 66
-14 -52
-10 45
24 -69
-9 -15
-5 91
-44 97
-68 -14
52 95
-49 27
-99 -31
86 60
-84 5
30 42
-92 -26
-61 1
-11 -63
95 70
-45 40
-3 10
-90 84
14 -76
39 -70
81 -37
-77 61
6 -23
30 14
-47 -37
37 82
65 19
-40 -40
-26 -86
-53 -45
88 -16
-65 64
-87 -35
69 -77
98 0
61 -76
86 -97
22 66
-40 22
-77 -64
42 -43
92 75
-53 12
-79 5
94 -21
76 -88
-45 -73
-83 -20
20 98
3 -57
-67 -34
27 -95
-37 -92
56 -26
-59 -10
47 15
21 -11
49 97
-18 -18
73 -93
71 -77
69 -98
25 64
98 -71
-50 -7
46 -31
-15 -97
93 39
-11 12
-90 37
-25 -74
61 -14
-76 6
84 52
54 15
-54 5
-5 -71
-84 -75
61 39
-47 -23
92 -77
-8 59
-82 -52
-27 -33
-59 -29
83 43
-22 -17
-14 51
91 6
84 86
-35 63
3 99
4 82
98 91
84 -69
-59 56
-47 50
-77 -30
-36 67
-28 34
-35 -78
-93 44
-41 -18
0 -35
91 -5
-46 83
-93 -49
-27 -40
-4 -3
75 59
-91 -68
-91 -59
-90 25
-17 70
-88 13
-83 -48
42 39
54 -82
-84 55
-75 88
-1 -12
85 -60
-62 42
65 8
-25 4
23 -82
9 56
-31 -97
-26 19
-41 87
-70 56
-46 26
68 -80
-79 73
48 82
-83 -85
13 -32
-55 6
44 -34
79 -53
57 86
72 -89
-85 28
36 -22
-41 -65
31 12
-59 -83
40 91
-3 11
74 -75
8 -69
73 -32
11 24
-57 -25
-15 17
-46 -40
89 -97
95 -69
-54 37
-10 99
65 -62
-35 -91
-72 48
69 -58
-66 -57
-37 -90
32 -9
84 8
70 -68
-56 44
35 61
-28 1
6 9
1 3
90 -16
-35 99
30 -73
-17 35
-48 -86
95 96
82 -25
-64 -91
-66 -13
-96 71
53 -59
-19 60
0 -21
59 77
87 -3
0 -6
61 40
-45 62
32 9
-44 -3
-60 71
-91 -99
-28 62
-85 47
90 -77
31 -22
-67 -2
50 46
-97 -43
74 62
-46 37
-99 -79
-87 54
-33 -18
57 45
45 -46
63 82
9 -97
-1 26
54 -46
-40 -35
-79 57
74 92
60 -14
64 -39
-29 -37
-81 28
-49 -22
19 41
-62 -44
44 83
-31 61
14 87
-27 44
-14 -95
-70 -65
3 -72
43 34
88 -49
1 -55
91 -96
30 85
-58 21
-95 -71
-84 66
-3 -85
92 -59
40 -46
37 74
-91 41
46 6
7 -55
50 76
-9 -45
-54 -5
0 -47
-73 -65
-87 -8
80 -25
-47 48
46 5
-65 2
57 -69
22 -33
98 -15
-31 -22
-33 27
-37 32
-4 -14
-79 -39
-4 34
-78 -58
75 -13
-68 -5
51 -99
11 82
-65 -52
-87 -66
-90 -26
-25 -98
-54 8
1 -4
82 25
2 -34
-8 -96
5 -26
-7 6
80 56
78 -4
81 56
81 33
45 -43
51 86
-98 76
53 -55
-57 58
0 96
-50 6
-99 -39
97 47
-18 49
54 96
-22 -38
25 -52
-58 -23
98 93
4 -56
15 80
53 -92
54 77
-83 19
48 21
-42 -71
-23 -32
-55 -89
2 -44
46 26
-40 12
18 31
44 1
0 -3
-86 -1
73 -13
66 -39
61 72
-48 58
92 -55
-7 -10
-56 -42
43 -68
-83 58
94 27
91 76
-36 -27
38 66
-61 -53
-40 -22
43 67
-57 82
9 46
38 82
7 -98
-97 15
-26 -49
43 66
40 50
74 -27
-8 14
-82 -32
13 5
31 -59
-96 -23
6 -26
-69 19
-51 70
-51 -7
-83 -63
-35 -14
-11 25
52 13
-76 -1
-95 -40
93 -76
55 70
14 61
-41 61
-68 -5
37 -6
72 72
-77 39
82 -7
-44 -54
-48 -26
37 -68
-86 41
-87 -13
43 60
-71 60
-99 14
62 36
92 56
99 -87
5 61
49 99
-26 60
-70 -4
-1 -85
-54 84
32 -72
19 -97
92 -48
-7 -88
77 4
21 79
-75 51
67 87
-78 99
39 -2
48 92
-25 50
50 -91
78 -76
90 52
63 14
60 3
-1 -69
88 -85
83 34
39 -18
78 77
14 49
-87 85
-85 74
-66 -14
-94 55
47 77
79 76
7 -86
2 -94
4 -21
-95 15
-63 -97
13 60
-26 34
-72 29
85 -12
1 22
-91 -11
-98 -63
-99 -45
-72 76
24 89
79 97
-75 38
49 9
-69 86
-94 19
69 -21
-91 -63
85 -51
42 16
-29 21
70 -6
-10 -18
-62 -52
25 98
-12 16
15 -63
87 -31
87 9
-75 -18
-23 61
71 2
-96 44
-53 -33
-78 35
75 42
-80 -34
-37 -6
-96 32
30 -2
-46 98
31 63
37 0
-37 51
94 91
-94 71
99 70
-33 51
-26 -74
33 -77
11 -16
-72 -71
81 -42
17 5
8 -43
-27 40
62 25
27 58
-26 -53
-76 0
62 -4
-15 81
5 -8
-12 -92
70 69
-84 19
20 -14
-9 -41
94 -99
80 -76
-19 -98
-68 -53
62 -37
-82 -61
3 -49
56 41
-44 20
-47 98
34 -99
-27 90
82 -13
78 7
40 -84
-3 -30
-3 -7
-20 85
23 -39
58 -88
39 -80
59 31
-34 95
0 21
47 -44
90 -66
-69 93
-3 52
-90 -8
74 -78
-49 -72
83 -66
77 89
63 -89
16 -94
84 -23
85 63
46 39
-81 92
91 -93
66 20
61 20
-88 -6
-90 -65
-42 -93
0 -12
-7 3
91 81
0 43
-28 -21
58 -5
-60 -88
-97 49
97 41
-64 -11
-87 61
70 -81
-19 46
37 -25
-76 -97
55 35
-65 -60
-52 4
-51 93
51 55
83 -16
31 15
-90 39
-4 78
10 -83
13 76
-27 -12
54 66
-81 17
17 -9
29 83
-88 77
-13 35
-52 -90
76 -45
59 57
-18 -33
72 -22
-65 -98
31 -67
-45 98
-68 -84
-90 -48
-43 -5
70 73
-7 91
-20 48
-47 63
93 18
41 40
71 53
-32 69
87 59
62 -74
-2 -33
-34 99
-70 -51
51 24
73 75
17 -11
-20 0
-74 -38
-9 84
3 -84
-85 -8
70 56
32 40
-46 -48
-59 74
4 16
75 69
-93 -98
-83 -20
-65 80
-20 6
-65 -64
30 37
-67 -22
72 31
8 54
11 -4
-50 99
79 -66
6 25
-11 0
-21 -49
82 -70
-85 75
-78 -74
-96 -62
99 -18
-53 -30
-96 50
-12 -63
19 -94
-34 63
54 20
-87 42
39 94
-7 -93
-49 3
80 11
18 -50
38 49
-89 -15
-35 43
-77 0
77 10
68 -80
-56 -75
6 -66
-58 -57
-43 94
-45 60
42 -6
-74 -50
53 -8
-66 63
48 -4
-80 65
-4 -81
63 7
67 47
-97 78
-73 -35
92 87
17 63
-16 -6
-99 34
82 -56
35 -82
-41 80
86 -96
-45 -9
-49 28
-22 24
46 -94
-7 33
-64 25
41 -96
-59 4
-87 94
-38 70
31 72
29 53
-79 73
16 15
0 -50
21 -29
-4 -72
-80 -10
-78 99
-20 -42
74 57
83 44
-88 -28
37 -45
93 -91
-1 82
-70 -12
-75 -19
30 -25
-19 78
62 53
-10 34
-76 -18
34 -96
49 -95
-48 -54
-21 -48
-21 -22
-79 89
-14 38
-68 16
17 -82
11 -82
-72 82
32 -81
-72 21
31 -62
-47 -61
52 -50
98 -7
-62 81
-5 -92
38 94
79 11
-37 -13
17 49
-68 -58
57 26
95 -87
-67 97
12 -31
-28 5
-52 -89
-65 -87
-56 3
11 59
-45 2
-60 -92
-90 -67
-61 44
-28 -89
-32 -92
11 -97
-89 0
-90 -62
72 45
62 89
78 -33
-47 -75
0 14
-23 42
18 9
79 -85
38 39
5 30
35 -98
-27 -18
86 -6
94 50
29 67
-75 -59
22 66
-9 -36
0 37
-35 3
77 29
-80 -52
57 56
94 44
-55 28
76 -13
18 -55
-90 7
33 -23
95 16
-51 -62
-28 -45
-93 -31
37 37
-87 -38
49 -72
-42 0
-33 86
-73 24
-77 -87
84 -85
56 -83
30 0
41 40
-62 -84
45 0
-82 6
-12 -41
86 -98
-37 90
73 -68
54 -50
-43 -73
-27 -73
75 65
-21 46
-72 -43
6 74
-98 -19
10 -16
13 94
11 -27
-22 92
-29 -88
7 -83
75 -1
1 -92
-22 -40
84 57
-15 -77
16 -57
-83 1
70 91
-79 -74
-46 -92
70 64
98 -60
38 -21
88 -2
56 70
-6 85
52 69
-42 79
88 82
-90 73
-14 42
72 41
-85 -71
6 93
88 -26
-25 -23
6 -79
-61 87
61 16
98 94
-80 61
-47 -45
92 64
71 77
-52 -97
-47 95
8 -49
18 -1
73 -59
84 59
32 -58
99 68
-76 -56
-89 12
79 -50
93 -62
-99 62
-64 0
-65 10
-58 -76
-47 31
0 86
-78 98
-61 -64
67 -9
5 -11
55 50
81 61
-87 -25
-29 -62
-95 89
5 48
99 -94
2 -81
80 38
-90 99
-4 17
-76 7
-73 80
-53 -51
1 24
-20 -84
-94 12
84 -82
90 -38
84 24
16 73
35 27
-66 -49
-11 72
3 56
15 -83
52 6
71 -34
-7 95
80 -83
7 26
9 -31
-2 35
-6 26
-94 -34
-67 -63
-98 -8
28 44
41 -15
-2 -32
-33 -65
16 -17
-60 80
-29 52
48 20
-71 -15
-63 82
71 -83
69 68
-46 -56
50 -92
-36 -64
53 -11
39 -22
-35 24
45 76
-66 34
82 -30
79 84
-8 -76
-57 -31
67 -46
-89 61
51 20
-45 12
-96 60
-24 -50
-32 -14
91 68
14 43
24 70
36 -38
-38 -53
-2 -51
-6 -92
-76 79
32 5
-32 -36
-69 -59
18 -71
17 -87
41 21
-89 35
50 31
18 24
75 -21
-9 75
-72 7
-62 -62
-46 -27
11 -68
40 -92
37 57
70 -26
-77 -70
57 42
-46 -3
39 -90
-96 -13
-87 44
-39 -64
-20 -93
31 63
48 34
71 48
26 29
36 -18
-8 47
82 -48
60 -64
-28 -67
94 52
20 -90
-20 -90
91 -92
38 -84
-81 50
-33 -15
-7 -26
32 57
-92 47
-27 -60
5 88
66 -29
-38 -96
6 -68
25 85
43 31
-11 86
71 -13
-25 -60
50 99
-73 -69
-90 -46
-24 72
94 66
-72 76
95 -90
50 17
-76 -92
40 -92
-42 -31
14 78
58 -18
6 32
73 -27
-31 62
-30 10
72 -85
45 62
10 97
-13 77
7 -95
-49 24
-99 88
50 23
24 -50
0 -87
-26 80
-4 -87
-72 22
-14 -99
71 -32
72 47
-82 3
-53 -75
-46 -86
-69 11
33 32
37 2
-70 5
-88 -14
6 27
73 86
60 -76
88 94
58 34
-33 -6
91 64
-58 32
62 -87
-23 -42
-47 -9
11 -93
-89 53
0 -87
74 -71
-75 -51
26 -6
53 -64
-53 80
-71 17
90 88
-38 91
-14 -64
45 32
7 -48
-79 9
61 -95
-58 -27
68 86
-51 48
79 -11
0 -65
73 -16
-43 1
-22 -40
55 0
-9 -7
-86 -78
67 -41
11 61
61 75
32 -34
71 -43
88 -85
48 59
71 86
64 4
-52 -23
-56 -52
-63 -74
-19 72
81 -82
-8 -83
-53 28
-39 86
48 -50
-2 53
-97 -32
80 25
57 27
-79 -50
-89 69
-57 46
94 -27
-22 52
-99 -58
84 93
-93 -56
-11 94
1 98
55 41
53 -26
97 -63
85 5
77 -37
0 4
-72 -35
-75 4
99 94
-16 -38
-78 42
-94 -5
99 75
-89 -81
-5 24
-66 14
78 -46
-22 95
58 -86
-68 69
-96 0
62 82
-65 -29
-78 -47
1 93
41 56
-58 -17
-4 35
89 51
37 -63
-25 71
19 86
72 -56
58 24
74 -8
-86 52
-34 -5
-58 -86
92 94
58 66
4 66
-89 89
-81 -22
60 86
-62 -9
-96 63
-68 0
86 -28
26 -88
68 -32
-37 49
-37 -76
35 -52
80 64
30 40
-18 53
-56 84
-43 -69
99 -77
27 11
65 -35
0 -84
-76 -14
-3 6
-38 -55
-83 -65
55 -45
-36 -82
-64 -97
89 49
-12 -2
96 -35
77 80
57 23
-11 -43
72 -11
-40 -19
-27 15
-89 -90
-43 58
-35 -58
-45 -28
0 -63
88 73
-95 -45
-61 35
-98 -36
-6 -74
-75 57
78 38
-27 52
28 -91
7 -24
-51 -58
44 -12
-70 -66
57 73
66 36
27 -83
-60 97
4 47
11 19
57 -62
27 -75
-26 12
-30 -2
97 -51
8 93
-93 -23
-99 -47
-44 70
8 34
5 11
-38 -95
64 -21
-96 -11
-8 -17
-75 36
70 -33
45 79
64 -50
-85 -65
-75 29
-24 -29
-32 -28
-4 2
73 -32
19 -31
-10 -69
77 73
47 40
-36 -42
-21 -68
17 -8
-59 -37
-63 -18
25 14
28 36
-18 10
35 84
-64 24
47 -69
-22 63
5 1
27 -18
-86 4
30 18
-43 -89
-92 59
-25 -36
-20 -72
-64 58
40 74
67 86
59 -10
-80 23
-54 76
-89 -33
52 18
-35 -25
-84 54
-10 -21
-12 -58
-3 -22
15 -24
81 -86
10 -78
-19 45
98 16
83 93
5 -18
-85 -7
30 80
-91 83
49 -52
47 -28
78 27
80 -40
-6 83
20 41
11 -85
-38 -25
-51 39
-76 33
70 77
60 94
-35 80
-51 -66
49 -39
48 17
19 56
-9 -98
-78 92
-60 98
-10 -53
-19 -42
2 -92
-49 -31
-87 40
21 75
15 96
-67 -91
-89 57
62 96
-75 -72
25 -10
15 -4
94 40
-29 5
-56 79
-99 -40
-16 -13
-38 -42
50 -7
0 25
67 -87
-76 45
-20 -91
-94 40
-41 -62
16 69
-25 37
43 -95
8 -58
72 -37
-28 -5
-74 90
-75 -43
76 -65
-3 -76
64 -1
81 -51
-86 7
6 -98
-6 -43
32 86
13 -3
53 36
-22 60
-92 99
-8 16
76 -68
68 96
21 -97
0 -15
-42 -41
-88 -56
23 -25
-38 -36
-65 18
25 -84
-74 60
85 40
23 88
-72 -30
-82 -65
-50 74
-91 26
-62 39
36 72
61 63
25 64
3 -35
6 88
-2 78
57 32
3 61
26 -53
21 11
-98 44
78 97
-95 59
73 84
6 76
-15 -2
-35 49
-26 63
2 -34
15 -56
22 81
-37 4
19 -40
-59 -63
18 28
38 79
-92 -3
33 -5
-76 -38
0 -78
-86 -55
-21 -19
8 -10
-4 92
-37 -37
71 -82
-63 58
-45 -58
-94 -18
-16 -57
-76 54
-99 -9
16 -14
3 81
-31 -79
-30 76
-57 10
33 -25
-97 -91
29 -67
7 81
-81 30
37 -58
48 34
8 5
97 35
-80 -63
-66 31
8 49
-23 -12
32 17
16 -91
-56 -24
-45 18
95 -64
57 5
-66 79
92 34
51 -66
28 30
28 -23
-31 -6
46 60
-51 83
46 -83
75 -99
-40 -32
89 79
68 17
5 -17
50 -72
-59 41
-20 -22
0 40
32 -65
-62 -70
-13 73
-94 -21
96 -65
-86 -26
-4 -46
80 -59
55 -94
61 -38
-63 34
-56 -14
-35 -82
-24 42
-41 46
76 -66
-35 -13
92 84
34 16
51 55
74 -1
75 -48
-26 -90
-12 -74
37 -34
-88 2
-72 -9
-42 -78
37 -67
-51 -39
32 11
25 69
33 25
39 41
27 4
-90 -79
-61 35
77 -27
65 43
-12 4
11 -49
60 6
-24 84
0 -29
96 -69
-16 -6
68 -56
-99 -45
-2 -44
91 79
74 75
41 -81
35 18
27 65
46 -39
-34 -43
-3 -5
-28 69
-56 -55
0 90
-52 63
51 73
-36 20
-38 26
43 -17
7 46
-14 -79
68 -53
26 76
68 31
32 92
-77 -84
-73 8
-87 -69
46 21
-97 67
78 -22
-42 -93
74 -42
-19 -52
68 -89
18 85
-74 -95
-37 34
39 28
-66 93
3 61
-2 93
-62 -2
81 -95
18 39
21 25
34 -59
-6 -41
-25 -94
25 -60
-34 -49
51 -82
94 -14
-35 12
-1 6
44 -42
23 -38
8 -3
51 -79
-90 27
97 -10
-49 -95
-3 61
46 -65
-46 -2
29 -74
16 -34
-94 38
85 -53
38 93
30 24
20 94
-27 2
82 28
46 70
19 -19
3 -11
73 -41
26 90
91 74
11 -94
79 73
-48 83
59 -86
-54 62
-92 -68
-71 70
-67 -24
-54 94
-54 -26
80 -2
-50 -48
-70 -15
30 60
0 9
-81 -59
77 66
32 46
-30 -67
-21 -75
-88 55
-18 -87
88 60
53 -16
31 13
-80 -43
-47 48
-55 25
-96 -5
-71 0
-55 53
60 23
-29 -45
91 -50
58 5
16 -65
-36 48
-98 93
-63 -14
-52 -61
-99 56
-5 -89
-69 52
26 0
3 -64
-22 -66
-39 -59
-96 79
92 -59
47 65
82 -47
7 0
-14 -60
-53 -74
-76 6
-99 -92
35 21
51 -48
-64 -66
-5 26
45 67
-54 -40
-82 79
80 80
-11 -60
73 64
29 37
71 8
73 97
61 78
-23 89
-64 -58
-85 40
-15 19
-25 -60
81 75
35 0
20 80
74 8
49 24
35 -38
29 93
-36 -21
7 17
-82 -19
97 -28
-5 83
26 -4
67 79
81 17
64 -33
0 48
-16 46
-19 -31
-32 68
-72 20
38 -81
47 -23
26 18
83 62
-51 50
-73 -51
-47 9
-76 25
67 0
3 -10
-28 0
69 -36
-16 92
79 -40
-74 -2
-89 22
69 99
46 87
-73 -7
65 43
59 80
-55 -2
41 66
67 -89
50 -55
50 98
-46 47
80 -50
25 64
-89 -69
-44 -40
-29 1
-96 49
-95 -13
-48 41
-5 -65
29 6
-97 71
-15 81
84 66
-79 4
-62 -62
27 -73
82 -90
4 49
-62 70
76 64
96 60
-32 -46
-27 -24
-92 -9
55 -40
59 97
-17 10
-57 63
36 -87
-60 -68
-2 -82
-91 63
-66 45
50 38
44 24
-28 42
-1 13
-55 -60
82 68
7 97
34 -52
-50 -81
-35 94
-37 -53
21 -10
85 94
-9 77
18 -47
89 72
-59 -51
-9 39
-61 36
47 64
21 -40
-27 -79
-83 -26
-49 93
-38 -65
-51 -99
-62 59
53 -12
-24 -35
5 -28
79 -7
12 -42
35 -22
-88 55
-50 22
21 -45
-60 -58
-72 80
-53 -84
-17 14
84 65
20 -73
80 92
82 70
90 -24
36 13
-8 -28
-32 70
64 -93
-19 -32
0 -1
-93 25
73 -48
-54 63
-33 67
-5 -81
-84 -26
-39 15
12 -31
-64 91
90 47
-55 -32
36 58
5 44
10 10
28 -71
9 61
-21 -35
-82 51
-18 -86
-26 -19
-50 -9
45 -76
60 -17
40 93
94 40
22 -36
35 25
-41 -26
0 -29
65 95
49 -53
9 -43
64 60
-51 -36
39 -54
22 -35
-84 46
-69 -63
-24 -40
60 43
-65 35
-30 -77
22 9
30 -23
-60 38
-47 -19
-15 37
12 89
26 -30
-92 -5
92 83
-25 66
-6 17
-87 -85
-89 85
-82 66
-91 13
-34 95
-37 -64
-50 -95
-65 54
93 43
22 4
-5 99
92 -16
31 97
-90 -44
-81 11
45 36
99 -8
-81 -74
24 63
-69 -44
59 24
64 -20
-51 -50
27 29
-78 89
-42 -42
-45 50
-1 -94
-3 -34
56 -64
-59 -20
55 -71
27 -54
-84 42
-23 25
22 -47
-72 37
-41 19
59 38
-82 2
-28 72
-87 31
-51 67
37 21
93 -36
57 3
-59 -70
2 -17
-17 82
93 68
-48 11
37 43
-27 -29
0 41
71 -32
20 82
-57 37
-94 -96
94 9
-87 87
2 98
49 -50
25 49
13 -73
-18 -75
-71 96
-53 95
79 -99
62 35
-16 -74
0 -89
68 69
12 -81
-85 15
-53 43
77 -68
30 86
42 -74
-66 19
-30 96
-70 -36
-1 -64
73 -65
-77 -59
61 -29
12 -5
18 37
-55 84
15 28
98 51
84 -86
67 -76
62 -81
-8 58
89 48
42 -64
-1 -17
75 -54
86 -66
99 -98
98 63
-49 78
-48 83
-15 -70
-63 23
-26 -27
-89 -22
79 55
16 -7
34 -94
-26 -81
33 -17
-42 -54
-14 33
92 42
29 47
-57 41
-87 13
59 75
48 49
-65 80
9 -72
11 34
-80 11
46 31
50 4
47 -88
7 -60
-13 65
26 35
76 -78
-81 80
14 36
63 -34
90 54
-47 96
-83 -36
12 -57
27 -2
-36 5
49 -84
21 -80
-93 59
57 -99
10 -39
65 -67
-5 48
-71 79
25 17
-55 -78
20 -90
-22 59
-43 -73
-38 58
-87 -76
30 45
-31 -83
63 -22
-37 98
-11 1
-31 54
33 63
-42 -85
39 -9
-98 29
35 5
41 41
-10 -19
2 3
-70 -13
24 94
-43 -42
92 -82
65 72
-96 -62
69 85
-2 -11
13 -29
-42 -75
80 92
-12 55
10 18
-90 -54
22 -51
-52 38
-97 42
22 4
0 -96
-87 79
77 45
-19 85
0 41
-9 -8
17 -20
-91 74
-46 85
-3 89
83 67
82 -78
-32 39
23 1
86 93
70 14
-42 68
-98 -1
86 -31
-86 -91
-38 -79
44 88
-51 45
-58 82
92 72
25 79
-69 8
55 22
-31 51
-13 -60
36 21
-64 60
8 8
48 9
-52 0
-66 59
42 -98
42 17
-30 65
-69 -21
-62 -67
-6 -41
-64 55
-15 -50
-2 -24
71 -16
26 -29
-76 36
57 84
94 -43
77 0
57 67
69 -96
-60 -60
-3 34
69 -10
-68 -59
31 91
-61 -27
23 -27
-94 -75
-27 70
23 -37
-10 -94
-88 29
79 34
39 -70
84 13
25 70
-34 -34
97 81
-6 25
29 -31
67 -30
-36 -20
-61 -33
-38 -82
64 88
20 -1
-97 -59
-96 31
42 23
23 23
90 95
-45 -27
23 33
33 73
-75 -38
67 -5
-18 40
-52 22
60 24
-68 27
-27 81
91 61
-80 94
-53 95
41 95
34 -97
-71 7
-53 90
-42 -12
80 -53
-99 -57
-65 -13
6 -81
-57 93
-58 -93
24 -48
-3 74
28 -3
2 -5
-75 -20
-11 -78
34 -22
-5 31
21 30
-44 56
48 -8
-7 -32
-32 -21
-81 -72
-82 62
-43 -18
3 -38
37 18
-57 -21
11 -84
-10 87
-38 -73
65 74
-19 3
32 84
46 -17
36 -53
16 19
-67 -20
77 57
-15 -65
-77 -9
0 54
-34 -44
-19 99
52 -63
38 50
1 -6
76 69
29 2
5 36
-62 53
44 -68
43 59
-31 33
-2 -4
-29 52
50 -97
-43 -21
78 52
-74 15
86 1
96 41
99 -54
6 -10
-22 -22
61 -93
15 8
99 -60
2 21
-45 60
-88 -99
55 36
-65 0
-20 -76
-17 -2
42 91
29 54
-56 1
49 7
24 -13
47 -36
73 56
-89 1
-11 90
67 -92
35 -80
-81 -61
0 13
-85 70
64 -55
-79 -48
93 17
92 52
21 -77
-10 70
26 -28
-37 48
-33 96
-15 -38
48 -82
-6 -27
18 -22
62 -8
-15 40
9 -46
-60 -32
-32 -46
-9 9
0 -2
-4 77
14 84
82 18
-67 82
38 -20
57 -2
1 23
-74 -13
61 68
47 19
-78 -43
8 41
67 91
-83 -20
-7 23
-40 15
-8 54
85 39
72 -83
11 -34
-85 -67
-52 -24
-87 -79
-58 17
72 -96
69 -18
77 91
30 59
-36 -71
-11 6
-33 2
0 17
20 48
19 -33
37 -33
1 -59
-41 66
-87 -67
72 -28
13 55
88 49
37 67
15 67
-4 -72
98 -59
-87 99
-14 99
96 45
-54 7
-57 36
84 -29
-23 12
-66 96
-77 26
-78 -85
-24 -7
19 17
48 84
50 -48
-53 40
72 10
-16 57
21 94
-52 31
44 -4
-81 -84
33 -65
-38 94
48 -27
-40 -49
42 -1
31 -75
-63 -25
63 61
-11 -62
-16 43
42 -23
-55 -96
36 -70
40 16
-47 57
16 -36
57 19
-65 -76
-30 -99
-20 -14
79 55
91 -77
58 -29
-87 78
-8 -61
-49 -80
63 23
-32 51
78 0
54 44
-48 89
15 45
24 -31
39 -45
-38 -2
-69 28
30 -69
-77 15
-23 -95
22 -35
-45 28
-75 -9
81 42
26 75
-21 -32
-16 -28
89 -9
-8 -72
31 1
78 68
27 -66
72 0
37 91
79 80
-50 32
79 -95
-85 51
-10 -50
8 58
89 -74
93 78
97 70
-31 86
92 -81
-87 68
53 89
50 -42
58 48
-92 -69
30 -42
20 49
37 85
-24 93
94 -13
31 77
-3 -37
45 49
-54 -1
33 33
50 -31
-32 -48
-4 95
-18 49
60 14
-15 -99
-13 95
95 -49
-93 -1
14 84
18 9
24 77
66 52
83 -26
-6 29
-42 2
52 0
-37 13
-98 93
-33 -62
-92 87
71 -79
-93 -25
75 -78
-19 -43
-1 -67
-20 27
8 -99
-38 -40
61 -5
-45 64
-88 -35
18 -68
38 -90
67 74
-29 -67
-47 -14
40 -25
-11 78
45 -45
69 17
-27 44
-73 -35
-99 -83
27 -52
-64 -38
-33 -49
-75 -93
5 60
16 76
-90 84
58 -53
-90 0
29 -4
-4 35
-71 -93
52 -85
89 -95
16 -78
-62 98
93 -11
37 2
-41 -21
-14 -84
-98 -52
-19 80
93 7
-80 -37
-75 72
-37 -36
12 -37
-52 68
8 86
59 -75
-94 25
24 -6
37 -38
-40 -19
37 -86
54 -33
39 21
-42 -17
-98 33
-24 48
-36 0
-11 -74
99 73
89 -72
79 91
-38 45
-49 -90
-47 4
34 9
14 51
-65 -35
59 91
28 -15
23 -38
63 21
-10 61
32 98
-29 -86
-5 0
91 -88
-29 -22
-1 -53
-26 -98
-33 20
-81 -43
42 35
87 -15
-57 -15
82 50
26 -31
-69 -67
88 -6
-48 -6
-46 37
33 17
70 2
-44 -89
39 -27
-73 84
94 78
49 13
76 92
80 -98
51 53
59 -89
-65 98
70 20
-85 13
71 19
-82 5
-95 -4
32 -75
84 73
2 85
30 35
23 50
9 9
32 -47
-55 22
-26 24
-85 -59
-55 -23
14 -5
7 30
-36 -47
-63 46
-42 -64
77 -14
-65 15
60 83
-59 -91
33 62
15 46
78 -88
-29 -95
58 -50
1 48
-37 56
92 39
-44 98
-93 -70
61 98
71 90
84 57
36 -89
-35 89
42 -89
-99 84
50 -3
30 52
-77 -95
97 -60
77 -80
-52 74
-63 -96
58 96
44 63
17 -80
80 9
33 -76
69 42
48 -39
-49 -43
22 89
34 -14
14 -69
18 37
-65 -27
-53 56
44 -35
44 -54
21 15
-64 -1
-80 -19
15 81
4 2
-56 78
-10 34
67 -64
-11 -41
-29 73
57 -92
-78 39
-82 -79
-61 -79
-69 -45
-43 3
-89 92
21 -75
-2 14
59 -58
71 52
-92 69
-18 60
-14 83
-72 -95
-98 2
75 -63
-69 34
-72 73
-7 -60
98 -32
-48 -14
58 36
-89 -78
35 12
-67 -32
-11 -38
98 -41
43 40
18 51
44 -96
-55 -44
99 -70
-10 -1
-28 -57
0 61
83 -8
59 5
83 -95
48 -1
77 39
75 -65
12 -81
-85 14
-68 94
58 58
69 56
-32 -96
75 31
87 96
-55 -42
2 81
-70 87
-87 -36
-73 8
-86 -47
53 53
3 -4
-79 -5
39 0
51 31
93 47
71 9
21 24
-77 5
42 79
11 -36
-72 -33
-27 -31
-72 -98
-88 -6
-60 -80
-9 -11
16 -28
-77 42
-6 93
-11 -86
51 3
66 4
6 59
-17 23
-7 63
-54 -6
-85 29
-58 -69
50 0
-80 -53
83 -67
87 -5
-11 -88
-92 0
38 -7
41 42
-59 47
-30 55
-70 -35
-50 85
34 65
-21 75
-9 -41
41 -98
-62 -91
-75 -25
17 -24
1 85
-34 -25
48 96
39 -57
-19 -6
-4 -18
88 5
-66 3
-18 -68
-79 98
87 -9
-10 -87
-65 68
27 66
94 -43
-66 -71
-14 53
70 -64
-56 -13
26 0
-50 -3
-59 -4
53 9
54 -43
-25 -76
-17 49
-64 -22
23 -71
-23 50
-89 92
83 -73
18 3
-55 53
26 -7
-99 0
17 -19
-84 40
-11 21
-41 0
87 -19
21 -74
-99 -55
-5 -80
-7 34
-97 35
-93 -67
-32 75
-45 -70
-97 28
47 -13
-18 8
-96 -98
22 47
-18 -86
45 -58
66 66
-97 -42
25 -98
-81 -92
2 -81
87 76
75 -94
-17 0
-55 -75
-28 50
-1 79
8 59
51 -22
12 -74
-98 -29
-76 95
12 -77
-15 71
76 -84
-7 76
9 70
-30 -28
15 2
-53 1
46 11
58 25
28 -64
58 -73
68 74
41 -51
3 95
66 36
17 -61
-31 -42
54 2
23 -48
85 -77
-50 53
-1 99
-19 -26
-52 -40
66 24
99 -21
-41 -84
30 75
-68 73
-8 -89
-3 37
43 45
-29 10
-47 79
21 2
-59 -42
-83 43
-56 50
-85 10
-56 41
80 46
-92 30
-1 39
-23 -18
-16 8
17 -72
18 -26
-61 91
43 33
16 71
74 7
-32 -13
69 -40
76 83
-99 -65
-20 71
98 -86
-8 -13
-92 -98
-1 2
8 72
-5 47
-49 22
42 18
39 -11
5 -11
0 92
-87 11
65 31
-60 -23
68 -97
-3 52
8 24
44 5
-21 67
76 20
-76 98
-35 -60
73 -2
-97 62
-82 -4
29 -48
26 -28
-5 78
-89 79
-28 -78
-40 58
83 62
91 5
66 70
86 -4
56 -91
-41 88
-45 49
-77 -61
-35 -22
-56 -58
-55 27
18 -11
-45 18
-4 -65
14 -74
-49 -4
85 70
-57 12
-68 -87
92 57
-20 -43
23 78
-64 -26
6 62
47 90
87 8
24 48
29 10
-64 -36
70 97
-56 56
61 11
94 -30
45 -36
80 94
69 68
90 37
-21 -94
65 -89
90 84
-57 22
-9 28
90 -89
72 48
78 20
-82 36
0 48
65 56
-62 -57
-56 81
-44 -12
-27 0
-88 7
-45 -85
-94 88
-45 83
5 -4
-41 70
-26 -25
67 -49
-92 -32
80 6
56 -79
-30 -60
39 92
-43 -69
-40 -77
-30 -28
89 -40
-87 35
94 15
65 -61
-2 56
6 -46
82 38
-45 59
61 87
-51 0
78 49
-46 -23
8 92
93 48
4 91
-40 53
-93 -81
-49 -87
-12 64
-37 -85
-38 81
-73 -39
-52 -95
50 -95
-82 -7
9 30
83 19
-54 21
42 -44
-59 95
-40 17
-10 21
83 54
35 -92
-9 -41
-69 -71
-65 -84
-62 -45
81 -68
66 -1
39 88
64 -13
77 -83
5 0
-60 56
86 2
-25 -26
-98 33
-50 71
18 98
-49 -63
-85 -59
-7 -95
-10 68
-10 -11
-63 -21
-1 72
-33 -27
85 39
45 32
-85 -65
-8 -30
53 -57
-47 29
13 56
-13 -33
17 49
-71 -21
98 17
33 18
60 -25
-26 -40
76 -76
-21 -35
10 -85
-21 -14
-62 -82
-65 20
-85 -58
30 -60
96 97
20 54
88 -39
62 -91
69 -48
97 -60
-92 56
28 83
-3 49
-54 -74
-64 72
-36 33
46 54
-39 -25
-53 -30
57 23
24 -78
-14 15
-10 95
-52 62
-63 -75
-67 69
-87 -28
-63 -48
61 43
6 63
88 -31
15 -33
41 79
96 63
-14 -8
4 -51
78 88
-30 -15
62 79
-54 89
-69 -18
-44 59
21 -87
-72 -22
42 34
87 33
-16 45
-43 89
63 26
-95 -78
-36 -11
-69 46
85 -7
-62 -75
-21 0
-38 -83
-29 62
-13 -78
-49 67
23 4
22 -72
-81 99
-17 -64
92 -37
18 -19
36 88
65 -2
-76 -78
85 -13
11 -52
49 79
-67 -91
-6 76
66 43
-96 -11
32 -63
-16 -25
83 -91
52 40
-95 -33
-73 -72
-58 -12
-90 -24
-4 87
-47 -41
90 -43
-97 -24
-84 53
98 -13
16 30
0 69
-11 28
-99 -82
68 18
13 -37
50 -34
-77 -25
82 24
-36 -94
31 98
16 -13
-20 -88
-58 -4
81 -37
95 -3
-58 36
-81 -44
69 -83
66 -4
-12 71
-25 -66
-12 -95
87 -48
64 13
22 -84
-71 -44
-3 -22
94 -96
92 75
86 48
4 99
-13 42
-68 -97
-98 -22
58 83
-23 -93
33 -68
-44 -33
31 -42
26 33
-63 80
-57 28
-45 -19
-22 5
65 26
-8 -38
-44 -3
79 67
-19 -83
41 -36
-2 -32
-95 86
92 -83
-29 -96
66 -72
12 83
14 76
-82 22
-89 -6
19 -75
86 30
-63 18
-94 48
-35 13
-73 32
33 -11
-92 74
9 -14
62 1
16 -42
-42 39
23 -40
76 44
-77 85
26 73
54 81
-7 -65
-14 -57
16 55
66 -17
-89 12
29 -1
79 86
-2 35
44 64
70 1
10 -7
-2 -22
66 4
74 9
8 43
-46 46
-17 -73
-90 -1
77 -41
-61 54
82 13
-3 -22
0 56
5 -77
64 -85
81 73
54 76
64 -3
-47 -1
74 -39
81 -91
6 -31
37 -46
47 -80
88 12
55 51
47 92
90 -83
99 57
4 44
18 -89
-90 -53
-22 -24
70 56
4 -34
76 2
-21 99
19 41
11 19
28 32
13 83
7 -3
-90 -22
-96 2
98 78
73 -88
-68 49
-77 -14
9 -21
-50 -66
23 -49
73 0
85 69
-43 17
-24 -30
-6 -55
89 67
-66 61
6 31
45 -33
86 -14
-5 51
-26 -4
-25 -20
99 75
-76 -32
-5 -9
7 5
-14 -25
-94 0
37 -27
-15 43
97 13
23 26
-70 -32
-12 -48
98 -66
-52 -58
40 93
-34 64
97 -35
-64 -20
80 -83
-63 -18
-12 89
42 6
56 28
-2 -80
98 26
-10 25
-75 46
-1 87
60 52
83 92
32 91
-3 -28
49 -45
-80 -83
13 -90
-38 35
-75 -14
-95 78
19 62
-78 -68
1 -26
22 57
40 98
99 81
11 79
19 -27
-75 42
59 74
-39 -96
24 30
-70 -18
94 -71
26 99
12 54
-82 21
-48 -65
46 94
-69 53
-20 -13
-57 -20
96 -97
32 55
33 -58
-62 77
-65 -49
-91 -1
-65 76
-89 79
-7 31
-2 65
-94 24
-77 -12
54 -99
-21 -48
-28 -30
-22 12
15 51
-86 -45
-26 73
4 -78
91 46
-53 -30
0 -43
14 18
8 -4
-21 -76
-98 40
-92 -12
-91 -56
-84 -88
-88 74
-50 73
70 60
21 68
-54 31
92 85
-37 61
31 -47
88 -47
-40 -6
34 -99
9 75
-97 0
-92 -34
41 -65
-1 93
-27 -77
-14 -12
-25 -55
-65 1
14 52
-37 19
-61 46
84 88
-47 -13
-17 -85
-48 -79
18 71
-32 51
12 13
31 -28
75 2
-40 -9
34 11
96 -90
9 -91
-94 -9
-81 43
-22 95
-23 63
-78 39
-94 -32
-1 3
24 71
-28 -65
68 86
-50 79
-38 11
2 1
-68 53
-93 31
47 85
83 -99
46 94
-30 26
-65 76
-60 -89
-1 67
-27 -65
46 4
-60 60
-90 7
89 33
-5 -65
43 62
8 -90
-18 62
-8 -61
-9 56
58 41
29 -70
48 -63
-26 -51
-50 -54
-47 -96
-82 9
-84 -79
-25 10
-97 -20
56 65
73 9
85 -7
-73 -86
-99 -9
-10 75
71 -85
56 36
-77 66
32 -34
-56 -81
-31 -7
-6 56
-76 -64
0 25
-88 -9
5 -7
37 24
-10 93
-29 -46
-53 -19
50 73
-67 95
-47 65
38 -48
-1 -41
55 45
47 -54
-28 -81
12 16
-40 -62
75 33
-98 -99
13 -26
-26 -91
86 -67
24 46
-22 -75
99 38
10 -58
82 -76
52 15
64 -90
-19 10
19 89
-40 52
-64 -11
-63 -75
-46 57
68 13
23 -1
-10 2
-92 -60
58 -14
39 -98
48 -75
59 79
70 16
-34 -84
1 -98
85 -38
-59 -65
-12 31
28 -46
36 97
15 41
86 85
3 -66
-68 -46
27 -59
26 -38
39 45
-52 -97
-90 -13
42 10
-51 97
51 30
10 8
4 -19
-43 72
-76 80
-29 -58
9 15
-63 7
43 -94
-77 60
-98 31
96 -84
77 49
-17 -30
83 93
72 78
-20 67
46 -43
69 2
64 50
15 -81
15 -56
39 65
27 90
-34 -54
52 -41
-4 32
99 -80
-84 58
3 38
-35 32
-90 55
82 97
-51 53
-36 -12
-7 6
21 0
-95 -75
-84 15
-72 -77
-99 -75
48 88
-84 62
-22 -81
-79 0
7 96
-87 29
93 15
17 79
72 84
-15 -9
-64 -6
64 48
-22 66
85 -24
19 98
87 39
56 62
61 -89
-10 60
-83 70
61 -1
73 -46
6 -43
-88 55
88 93
-7 11
-40 12
0 -33
-90 -80
-4 -30
30 -81
13 54
-96 -76
1 65
46 -50
-45 62
-12 30
23 70
-90 -27
-24 76
50 6
-84 -33
95 -24
21 -15
64 -14
-5 98
91 -98
-94 60
-72 76
20 -92
-67 -37
73 2
47 51
-38 52
-66 -40
-65 77
48 56
31 -59
55 3
23 10
-38 24
91 23
-12 37
85 58
32 40
84 12
89 -94
91 -24
46 -37
15 20
90 -93
70 -57
48 20
12 23
-85 -25
91 70
93 -2
-78 50
-91 67
61 -36
-22 -4
16 -77
47 80
-38 18
-26 18
86 69
74 37
20 60
-33 48
-34 -13
51 15
-3 -18
11 -28
-15 -85
-24 -11
-9 -3
-12 67
44 32
-67 24
76 41
-40 46
90 52
-26 -2
-36 -10
-41 -47
-89 -35
-59 43
-21 -76
-15 -18
1 0
-5 91
15 -12
-20 -34
72 -56
-33 82
-27 -19
-51 77
-40 89
-66 -69
-37 37
87 43
77 60
-2 -84
0 3
-56 42
68 -30
56 -59
-13 2
27 -96
5 -46
89 6
78 -7
91 61
-32 -47
34 7
81 -36
-98 52
-25 91
-98 93
32 -43
-82 -21
-44 65
86 31
-2 -4
-2 -82
96 81
67 -80
-15 55
-21 -57
-63 65
54 -75
6 4
86 -38
-66 -31
55 42
34 80
18 -20
90 -65
-84 -38
35 -30
-52 -78
14 -20
-65 47
85 95
-70 11
-29 59
52 99
11 15
7 4
52 -85
-20 57
88 -78
61 31
-63 -6
45 -85
0 -64
98 54
-62 -85
-54 6
20 -66
-83 -35
-64 -77
70 -29
82 -92
84 53
-6 44
-11 12
-35 -49
-89 -28
44 19
57 54
28 -18
-2 -57
67 -11
-33 -81
0 -12
91 19
70 7
-70 -13
56 85
-26 -83
49 36
-51 68
21 -79
98 97
72 -74
38 -75
3 72
-37 -82
53 -40
-66 -23
21 52
79 69
58 38
28 -54
74 17
75 20
57 -64
8 1
-12 59
-61 69
87 17
16 27
-87 -45
30 -20
43 58
-75 39
-74 -70
-27 -4
74 -65
-2 7
-26 0
-68 -48
-40 62
-82 97
-1 44
0 7
-99 63
-91 15
-87 -74
-84 37
-89 -75
12 87
46 -62
-39 49
27 -41
-48 -90
-51 -55
-22 51
-13 70
-77 34
11 -84
22 98
97 0
-87 -50
18 76
-9 36
-81 -24
-16 -31
-57 -77
77 -6
70 18
16 -8
15 -8
-21 87
32 -96
-57 23
-4 -3
73 39
-84 20
-89 96
-40 79
24 49
-63 82
-56 81
-63 -51
-2 -16
-73 -78
-31 86
77 -89
69 96
39 -85
51 61
50 -10
-83 24
94 56
-55 8
-76 8
25 -82
38 36
82 85
77 -64
90 -81
-65 -55
-65 42
26 -78
-8 16
-36 -3
90 2
22 -53
4 -99
-40 -41
17 96
-65 58
55 -53
-81 -18
-52 -39
71 -63
59 57
-92 -85
44 7
0 41
-65 -76
-35 -96
27 88
-64 20
37 -90
91 0
90 64
63 79
25 -96
-60 -93
80 88
-3 -54
38 -9
67 50
-67 -56
-3 13
-62 -36
-17 -21
-61 -48
21 73
-48 19
53 27
-63 -85
36 65
-66 38
0 32
-32 -84
-63 -27
42 -7
-52 -90
-63 68
53 -19
-68 -81
-89 44
-17 -69
-60 -25
-84 33
-41 91
-95 -81
9 -44
-10 52
87 3
25 -52
95 -42
-75 -61
-73 32
75 46
99 -78
-73 45
15 38
97 3
59 95
11 66
-52 28
83 -80
-81 -9
-43 -28
-26 -67
73 -24
29 -46
83 -97
14 20
3 45
-62 48
3 7
-25 -90
-80 55
-98 -31
-12 -4
0 -50
4 -81
57 80
8 -21
-11 -48
39 75
-41 76
59 33
98 93
79 -83
-36 -90
69 26
0 -48
-26 -60
48 -75
-24 -92
-68 36
18 -40
50 -96
53 -23
60 51
24 -36
-64 -67
40 -63
-99 -79
92 76
-46 -94
68 39
-66 -24
32 26
-46 66
17 22
-62 55
79 59
22 -95
51 29
60 33
-32 60
-11 11
67 88
-90 66
-88 -21
-28 -35
55 30
49 28
-24 -17
70 74
-54 -1
-69 8
27 -70
42 78
47 -13
72 2
47 86
69 -39
41 -66
-65 -88
74 6
33 58
-19 52
-29 11
-63 -82
6 75
21 -9
61 -67
-8 -63
-6 -7
-37 -78
75 -95
-97 11
-22 80
-91 -1
93 -81
3 -18
-97 -74
82 26
-99 51
-39 70
80 -56
23 -43
22 -85
-63 95
22 73
61 30
-76 -80
-70 53
57 -14
90 -65
-34 2
-31 12
29 -63
-54 26
93 -75
-1 -47
69 -79
-34 90
-87 93
43 -5
97 -92
-15 -80
93 6
60 -30
57 0
-43 -36
96 14
10 94
-58 -46
-65 -35
-22 34
-59 6
-53 -57
34 -15
51 79
-33 -88
11 -33
96 -41
-60 81
-54 66
10 -16
-86 59
5 -91
18 -73
-87 -51
-48 -69
82 45
41 -34
83 13
27 6
54 61
-66 72
-56 86
45 -87
20 -92
-94 88
86 3
-41 28
-57 -9
-24 76
76 60
51 -98
29 9
76 56
63 -70
86 -98
-35 96
62 30
7 92
-81 -28
-79 88
43 -98
-55 66
-44 -88
70 -13
37 75
32 23
89 -96
52 58
-46 51
-58 47
-89 -38
6 95
52 -58
6 -33
18 96
-18 82
-62 26
67 79
-65 -21
17 27
12 89
-13 -61
2 5
16 12
38 36
94 -93
-14 11
32 -75
23 -74
96 -50
28 42
-42 -6
72 -66
-24 59
36 -31
91 -47
-51 44
-85 -60
-21 -59
92 99
-30 -78
0 84
29 81
-20 -49
-95 -97
-30 -13
-6 82
-7 -11
97 19
-18 36
94 -66
26 -52
33 -68
-97 97
47 27
-26 -59
42 70
26 11
61 44
32 93
-2 -80
11 -41
-90 35
-27 -49
19 -9
71 28
76 24
-94 -14
-24 31
46 57
-48 39
-97 11
3 56
-10 -76
7 -34
-11 -3
3 11
-77 -18
92 59
-1 16
44 9
-95 -54
-33 79
-49 90
16 30
51 89
41 24
-70 90
69 -43
-93 75
42 -90
20 -70
38 69
-22 -70
-40 62
48 -2
-17 69
4 46
38 -22
-81 -88
59 -58
81 -96
27 40
-31 23
35 -13
65 35
33 -88
-99 9
91 -14
0 -76
33 -43
59 -62
-30 -71
-3 -76
-58 92
-80 32
56 -89
86 -48
15 -8
94 97
-47 -93
-34 -34
-6 -87
54 76
85 75
-56 53
-90 0
64 66
-42 -99
19 -19
-40 0
64 -21
-52 70
-92 -12
18 -32
-68 10
-62 98
-40 -38
-63 -66
-54 26
57 -78
2 -73
94 -69
-8 -55
-81 -88
31 -44
10 -21
-49 -21
-66 -75
68 3
16 36
56 6
41 -65
-16 28
34 -61
-55 29
37 -94
-39 88
20 -38
82 86
91 51
25 16
0 90
28 60
-60 -51
93 -25
67 -84
22 -18
-86 2
-44 79
-91 13
79 44
-29 89
0 33
-24 93
-12 -22
18 -77
-43 -65
37 -89
-14 -15
37 -30
4 77
-23 49
13 -82
19 -80
-2 26
97 -59
2 -52
-3 11
-22 38
94 -99
-58 82
-44 -74
34 87
87 -83
83 -50
-98 50
14 81
-45 -19
-30 27
-36 63
-35 99
60 59
-26 2
-72 -23
91 -12
92 -11
16 32
29 -8
-56 -2
-67 -69
-6 -27
-10 68
75 33
45 -98
31 14
82 32
23 1
-81 71
-38 -83
-11 53
66 -1
-8 62
-90 93
-68 -96
-20 57
20 -44
49 96
0 18
32 0
67 74
14 51
-77 -2
24 42
-43 21
-19 -34
-84 66
19 -40
-71 -62
-38 8
88 49
-81 49
-27 -99
86 -17
-64 -56
78 21
-30 19
-96 95
-43 69
6 84
-55 57
62 -39
99 -21
-79 36
-32 84
79 -23
8 44
-42 52
70 32
18 9
-25 -88
82 -58
-42 1
-47 99
22 -29
40 90
76 45
32 67
-17 -36
40 91
-40 -88
-70 -91
42 -69
12 27
6 40
-10 82
-8 47
-46 -1
71 -57
-93 37
-27 8
31 86
-65 -45
86 -84
95 69
57 -94
97 -98
72 45
-32 63
-6 -85
-60 -39
-48 -37
-68 55
-24 -24
53 38
81 -22
39 36
-31 -60
90 64
9 49
1 -11
86 -81
72 -25
-35 68
-61 -22
4 84
-49 -87
13 -37
-17 -41
85 64
75 33
-3 -76
24 -69
-65 -11
-63 -12
96 -59
30 75
0 -78
-9 9
-57 33
53 82
93 97
-14 85
27 68
10 -61
82 -7
-18 53
82 -8
-42 15
40 56
-34 87
86 85
-53 -80
-64 -43
-21 56
99 -31
-68 5
-65 64
-46 -16
58 -79
3 27
-68 -67
-38 -35
32 57
-66 -96
-26 -7
-97 56
-17 -78
-48 -49
-93 -91
55 -36
-80 -86
41 -2
-53 -90
-27 -73
-85 -47
-71 -12
78 52
-99 72
10 98
-31 55
-13 4
72 64
47 -39
89 -87
94 -89
-47 -97
40 54
-60 -33
-66 56
34 -98
-98 -73
2 -72
-32 -22
19 -46
38 -20
85 -52
4 60
60 32
99 38
-1 39
89 69
-20 1
22 9
44 76
46 -59
-45 6
50 -37
20 88
55 53
-50 -8
5 53
-43 70
27 -4
-80 -84
-95 66
25 95
-27 -74
50 -70
-25 24
87 0
12 37
28 -78
75 48
69 10
-41 -21
-76 70
5 35
-13 38
-61 73
94 99
-54 -57
94 -39
84 95
3 -98
36 -75
-8 -85
-65 -75
-56 63
32 -47
86 88
-14 -86
98 88
-74 -38
-9 79
-43 32
-96 82
0 -35
-15 -93
-27 -13
-69 -48
58 85
-40 97
-26 -25
58 -31
38 74
-55 45
15 -17
-64 -24
-66 -56
6 -1
-42 83
45 87
10 48
-90 0
-57 -1
83 21
52 -46
73 8
26 -2
-48 18
-40 -14
-47 32
18 38
57 15
-35 -15
52 -16
12 56
-3 -47
51 -8
84 13
-96 59
63 -27
-72 -81
-79 -77
10 -2
46 35
43 -49
-69 -40
15 -76
51 -4
41 18
1 -6
-91 -79
79 15
54 14
-21 61
69 2
4 22
41 -16
-6 -17
-39 76
-3 -44
-60 60
-79 20
-4 -24
-76 92
-86 8
85 62
32 33
-85 74
-84 41
77 -16
32 -10
28 -32
43 94
-88 26
36 -80
-91 -17
-75 87
-95 -20
21 -56
43 0
0 15
87 -13
-46 -76
45 -37
39 -62
-75 44
5 0
45 -60
-1 -60
64 -6
89 15
-77 87
-95 -69
-16 -57
67 54
32 -63
-98 29
89 -4
64 -39
88 0
-58 69
99 -7
6 6
-13 -16
-63 -55
-60 63
46 -75
44 35
-45 -3
-84 93
97 -19
-66 20
99 17
55 -61
-19 -54
35 -38
90 -13
87 33
-64 -49
9 -74
-84 -19
-84 -11
4 -37
80 -61
-49 -61
-71 -98
45 96
-7 6
36 40
59 -20
24 71
4 95
-23 46
-23 98
25 47
56 -11
14 -68
-21 43
79 -62
67 33
-37 -84
-6 -1
78 42
66 -39
67 39
-25 26
-74 -74
-15 24
-59 -92
-10 44
-83 -78
51 -35
64 -91
67 -3
25 18
65 -7
59 -51
50 -44
-87 15
-38 23
21 -1
-99 57
3 20
29 -8
89 -83
-39 -99
-64 -70
-94 -12
57 84
-58 -37
-68 56
10 19
52 38
79 -59
90 19
31 3
-83 -48
91 98
-72 -15
68 -90
-7 94
-61 -95
56 80
68 -92
77 -52
32 31
-66 -18
-86 -91
-46 -5
70 67
-3 89
-18 -95
-56 2
39 98
87 68
-43 44
0 20
-58 -60
70 29
-13 30
23 39
66 -89
3 58
24 -98
58 73
11 -81
-74 6
17 -12
-77 -65
93 38
19 37
67 36
55 89
-71 -16
66 91
-44 -99
-24 -99
-33 -76
-2 78
-94 55
57 -76
31 -39
90 -89
-33 17
35 3
-47 40
13 90
-90 98
-87 44
76 -66
-49 0
-4 -13
-55 -90
-98 98
65 -97
-21 -48
41 -29
-27 76
67 -16
-37 -72
44 -57
21 12
9 -72
32 -46
37 0
95 63
36 -35
41 27
25 34
-76 -98
-18 -91
-89 -57
-50 92
-37 14
49 -78
-78 -26
98 53
35 -74
-45 -37
-25 -66
9 -26
-40 -95
-22 -11
4 42
97 9
48 50
-50 89
-32 -36
-14 -28
-7 14
-15 -55
33 81
79 -98
-49 86
-72 9
-2 -91
-49 69
-95 96
-78 11
-38 65
98 -5
26 -85
-61 3
69 -22
-6 99
74 52
66 -24
6 93
-1 -5
67 -60
-6 -29
20 -80
-98 -76
81 -86
-1 93
-9 44
58 13
32 68
0 -22
4 -66
-9 -83
-92 70
-50 -88
-98 93
22 -14
-94 57
-98 -82
31 56
-53 -18
41 64
-10 78
-7 52
42 74
-76 -97
-62 -64
-56 24
-86 -7
92 -72
-72 39
-80 -47
-4 95
49 63
-8 88
74 -2
53 32
65 -91
19 72
10 14
-88 59
-57 49
-21 -75
90 84
-58 39
51 -11
28 76
66 72
-63 3
91 -75
-37 -80
-78 75
79 -73
1 70
5 12
-46 80
74 44
-64 4
81 25
21 64
31 20
88 64
52 -55
5 33
78 -52
1 -72
-45 63
72 -60
0 -39
-99 48
95 -6
14 -41
-75 -63
81 39
-60 98
-94 -47
-44 38
13 -60
-50 7
38 -31
-53 27
51 85
24 69
-46 92
67 9
91 -49
-99 79
15 -85
-81 41
-70 -36
-4 -3
-96 71
44 57
2 18
60 31
29 -55
-88 -57
11 -28
90 -45
-18 13
22 0
-78 63
52 56
52 13
77 44
54 86
65 -33
14 -64
84 -12
3 -4
-12 -31
35 49
-3 77
-32 35
63 89
33 -48
-3 87
-46 -97
94 -54
97 -81
84 15
11 -48
51 -31
-39 15
21 57
-29 -31
-84 -61
-70 -48
7 -63
54 76
72 -82
74 -36
-75 29
64 0
96 -98
-28 34
72 -72
35 -16
-79 -90
-9 -85
96 -75
77 4
-71 11
95 26
26 -64
67 62
-11 15
39 -64
3 -94
95 48
48 -56
-70 -54
-48 -32
74 13
79 80
78 -53
27 57
29 85
95 85
-22 44
-80 47
94 87
22 90
-56 29
-58 16
47 -78
61 -26
80 -12
54 86
76 -83
47 64
7 -13
26 39
-58 -58
13 24
85 -31
-28 -84
-26 46
31 -66
22 79
82 -97
-20 79
51 70
-77 -14
-93 89
21 -61
-95 74
57 -66
-22 -69
69 -61
-69 35
-1 22
-28 50
-55 42
91 27
-87 46
-65 50
-87 -78
-41 -20
33 15
-25 -51
-32 -8
-63 -49
-94 -32
48 -69
4 20
3 80
38 -75
34 13
-84 -6
15 93
-58 18
-26 70
68 -68
-84 44
41 46
75 37
-41 59
72 -61
19 10
-2 -21
-52 -77
33 76
-26 29
42 6
-46 46
-16 -91
87 -54
-93 -40
-33 56
7 -26
14 56
-84 73
-40 68
84 43
0 3
97 47
41 64
-93 -41
25 75
-66 -30
15 -41
90 92
57 -64
74 65
-43 19
-28 -57
67 -70
-56 35
86 95
-47 -27
-76 27
88 20
9 57
-67 51
-28 59
87 22
94 -76
86 -73
41 -71
-2 -92
-50 91
-8 -95
42 67
-88 -58
97 -18
39 -49
-31 47
83 41
34 -31
56 52
-34 98
-45 -68
-42 -35
-60 -97
-59 91
62 -54
15 -16
-90 16
55 21
-67 -6
-51 -16
71 -53
-34 -46
-60 70
60 -36
-19 42
-61 36
-92 -65
73 44
3 29
-78 46
-42 -91
32 53
-19 71
-14 -87
-47 78
-29 44
-90 -16
15 -57
-1 -81
43 -53
56 24
-60 -46
26 2
91 -30
83 -60
-45 -38
-80 87
5 82
-87 16
29 -73
-20 42
53 7
-80 -49
-87 10
37 -11
-21 98
0 27
77 -45
-79 -40
42 -49
12 -1
40 -66
30 -74
78 66
40 -57
57 -60
37 82
55 12
74 23
69 6
-37 -13
8 -60
31 38
-57 -78
63 -90
-93 -14
36 92
-79 79
-96 -55
-30 -90
-44 43
-77 -13
-77 -23
-90 -82
88 -82
-10 -74
14 26
-44 -62
46 37
86 81
90 38
72 44
56 -23
39 48
2 89
-64 96
-74 74
-39 78
-64 -14
71 8
28 -56
-91 -26
-71 35
-84 52
-36 8
89 48
-11 99
-20 -54
97 -75
60 -62
-16 -87
-35 -93
77 -40
-35 -59
69 56
85 58
89 24
-5 70
50 -91
23 -82
-73 -52
-48 -75
-40 77
56 -77
84 74
-54 95
-70 46
-35 -80
83 -20
32 12
-71 77
38 -94
-23 36
44 45
52 25
-45 39
79 -34
19 94
30 -85
-49 -93
46 77
-62 -68
85 -55
32 0
5 46
-21 -27
-17 72
45 -3
-21 -50
59 6
-59 70
77 57
84 31
74 -47
-51 51
86 -75
71 7
56 93
84 79
-40 -35
24 67
97 47
-49 20
-40 74
-60 -86
-56 91
16 23
52 -24
-66 39
90 -81
12 -60
-59 -48
48 63
82 14
83 81
-31 -27
-71 -39
-26 -63
-63 37
66 71
13 -31
-42 7
-25 -63
77 78
-19 77
-63 24
18 13
97 3
-6 -11
78 72
71 -22
-78 -42
-39 -36
63 -4
-90 -49
-67 -6
97 27
-36 97
34 44
47 0
-85 49
46 15
42 -16
-67 -50
0 87
44 -51
-54 -21
-59 82
85 -7
-81 -51
-91 72
-63 69
-37 20
88 -10
30 -85
81 7
-76 -54
-78 5
26 80
-51 -20
2 75
-78 26
50 -21
-1 52
-33 -32
-58 -78
-26 83
-84 -39
-84 72
48 21
-2 -36
-59 73
90 -66
51 76
60 41
-45 79
78 22
-81 -5
-50 -71
-65 -34
8 -76
-59 -27
-96 46
11 -1
7 -54
-34 -75
-83 68
67 -89
-43 94
-66 83
-59 91
-13 92
-93 10
-96 99
-7 48
49 91
1 71
20 59
3 92
67 98
30 -31
1 -7
-57 8
75 -89
-84 -21
28 -45
-69 41
49 30
99 65
-30 -35
-83 33
72 40
-61 51
59 84
-66 -5
-70 70
35 -43
-70 -66
-6 -16
62 66
-2 -47
-52 60
-20 96
-67 10
42 -46
37 22
60 64
-76 2
37 -12
28 -28
-7 -5
50 -24
43 5
16 -78
-24 48
-57 -52
20 42
-38 90
49 65
-64 22
-22 -1
-50 83
-83 -68
41 93
84 32
82 78
3 -19
77 38
93 -57
9 -10
-91 -7
85 -90
95 -7
76 -23
-46 -13
-50 92
74 11
80 -73
-58 52
-32 41
-8 -51
-41 40
19 -2
-46 75
49 -19
58 3
32 -19
-18 -72
-14 -61
45 -16
15 -13
66 -89
96 -77
-41 41
-7 -33
47 21
-95 58
-2 99
25 -31
9 45
-54 -40
17 -73
26 -3
-43 -82
-20 92
-56 -98
12 46
19 -19
95 -73
20 -27
-88 -60
82 -89
-89 -94
15 12
-27 16
-91 36
59 -4
49 57
82 16
15 -94
-74 68
-8 -74
50 50
5 -32
-93 75
-72 32
-86 42
86 7
29 55
-37 32
77 -89
-63 -1
79 -78
77 3
92 33
-40 36
-7 60
-16 74
19 -97
-41 99
13 89
63 75
19 64
92 -17
80 37
6 -38
-72 -48
39 -69
49 52
55 42
-25 -52
-50 61
34 -98
-49 86
78 -89
8 -77
-97 -94
-49 2
97 21
53 -77
-40 8
37 -39
-56 -91
-46 54
-85 21
43 30
38 -87
-72 21
99 71
-30 -19
5 -69
20 -30
72 -75
37 90
4 10
-84 98
-79 -64
-94 -50
-15 81
33 0
-87 -65
-85 86
-51 41
-21 -15
62 78
-80 -74
-24 15
-28 -73
63 28
-28 96
39 23
98 -14
-54 -37
8 -80
-22 72
-48 -88
10 77
-74 72
-59 -1
37 -64
-31 13
-92 29
-44 -23
59 51
-36 0
-70 56
32 -75
88 41
54 -2
-34 -89
85 48
-4 55
3 -41
67 -19
71 -68
-25 3
-17 -63
14 31
70 35
-50 -91
-68 10
-1 -58
91 -18
-31 -68
-1 0
59 -93
78 87
95 67
5 -29
-78 -62
-35 87
-82 -71
87 67
-75 -49
-13 54
60 -94
90 -45
90 -72
-42 5
88 7
-74 99
91 -1
-25 -56
-95 -71
65 -75
99 45
-2 96
-47 -66
-91 0
51 63
-30 4
-39 59
-5 -61
96 65
-26 46
23 93
93 16
12 28
-94 -62
-19 45
54 -56
-82 -33
39 29
-67 -45
-93 79
33 -22
17 21
-96 98
24 -78
-85 23
40 84
87 4
25 -52
92 25
49 -29
28 -72
58 -74
-3 58
29 -54
-75 20
-77 67
-50 96
89 51
94 36
-57 66
0 13
70 97
78 34
-22 -80
33 74
41 27
-92 -67
99 55
61 -7
59 -13
6 77
-70 -36
45 -54
97 22
22 -34
79 -18
-68 42
-42 -54
59 22
91 -89
-58 96
-80 8
-1 -69
-77 -65
8 98
41 65
78 33
-69 12
2 -38
41 -6
-92 -65
86 15
51 5
99 74
-47 -9
48 69
-45 -6
56 -78
-19 29
64 -45
-69 -5
-4 8
58 -38
-56 -11
-8 53
23 0
43 37
-60 -44
36 -1
83 -53
18 65
22 -53
19 -21
-4 37
27 -35
83 28
-26 45
0 -57
96 59
78 -87
63 95
50 82
-29 3
84 99
22 80
-92 -55
-77 94
-47 -7
-45 98
-92 -60
-30 62
-25 -28
8 59
-31 54
56 82
16 -97
70 93
20 8
16 -76
44 -39
-92 52
75 46
-76 14
91 23
-84 64
94 10
6 -96
-92 -67
-66 76
-97 -29
89 14
77 37
-8 -77
62 79
-46 -72
56 60
-62 74
37 -60
54 39
15 -95
-91 78
-97 58
-90 -37
46 -19
-17 -5
65 72
74 -24
54 64
57 26
22 32
53 -97
16 63
-66 -41
-83 57
-33 48
-41 79
67 99
95 -29
-51 -70
44 -61
-42 -44
-96 -92
-68 -97
67 -43
35 -67
66 58
39 -82
93 -15
-5 -39
-11 36
-41 -27
93 -90
-16 -33
-59 11
84 96
-40 -84
-86 -97
-43 28
-41 -25
97 -52
68 6
78 -49
-48 -66
-16 -79
97 -47
-17 -15
-9 -70
48 -53
-87 -26
84 35
-88 21
-33 47
-86 31
53 34
1 42
7 61
8 11
83 28
78 30
35 -18
62 12
-73 -21
6 21
-9 -32
23 -42
60 56
89 -61
8 11
50 13
-21 64
-28 -34
83 -51
-72 -61
91 76
16 -65
2 51
-57 31
90 -22
-79 -10
6 96
-73 -78
-89 61
74 66
-44 94
-24 -26
-76 -37
58 -64
-48 77
41 78
-92 78
-32 72
-36 -45
21 15
-67 -27
84 -67
-81 73
31 2
34 56
-30 -51
93 -48
7 50
16 -48
48 87
-66 65
-96 53
-43 34
-66 28
-85 -98
-86 5
-49 -27
90 90
51 72
-73 43
73 -9
-96 -72
-49 54
-41 35
-53 -23
17 7
62 -10
94 34
0 31
38 99
-32 -49
29 37
-39 -21
-12 -80
45 21
-29 51
-8 -31
-95 21
-87 -94
84 12
-67 -15
86 18
-21 -73
39 22
31 -6
94 -97
-36 -85
89 2
-2 -13
4 38
-55 -76
91 -15
-74 93
-59 -93
-63 8
-91 49
-54 -2
-59 79
-7 48
-35 -96
-10 -14
-82 27
-10 89
-56 0
85 81
17 23
85 7
-36 50
70 -88
-46 72
19 13
85 -81
26 55
32 -21
-50 -29
-43 59
-7 42
-13 -47
-72 68
-24 62
-59 51
55 -28
62 -60
60 -11
86 -33
-10 -89
40 -18
-14 9
79 55
8 9
66 66
64 23
71 -84
57 75
53 88
-60 4
29 -67
57 -77
-50 93
-48 90
81 -82
82 -25
-83 -7
-2 3
-57 82
9 31
-11 -90
47 93
-83 -14
-68 -10
-22 37
-99 -27
68 20
24 -67
-67 22
22 15
-65 40
-66 -35
1 -2
95 -69
92 33
31 10
90 7
-11 7
-48 -13
67 -93
-99 -71
15 36
-22 98
68 59
-7 -74
90 -70
93 -35
80 -63
-37 1
-27 93
21 -3
11 -26
-46 81
82 55
-58 22
12 29
85 66
0 54
93 10
-17 0
90 -85
98 -49
93 80
18 -22
-57 18
-31 15
67 -80
89 -14
-50 32
96 -17
97 -10
-98 -25
98 2
76 -21
-50 14
-97 -45
26 60
-56 -90
-70 15
17 -42
19 -70
42 -73
-19 -46
47 62
-94 -16
-72 -49
-65 52
74 47
-77 0
14 7
20 -48
-51 -83
96 83
13 -87
-92 37
-16 -22
35 -3
-35 67
-32 -42
-96 -61
-65 9
-9 -89
-92 40
99 -43
-67 -73
-31 -59
7 -9
79 64
-88 -40
-96 40
48 -86
26 -6
72 98
27 -39
-90 -51
-87 49
-93 76
-43 -63
66 -99
68 41
83 -96
59 -86
7 29
-65 -29
-50 46
-56 11
3 8
-37 85
47 -26
79 -94
-5 -56
-52 -48
-90 -26
-81 51
-48 14
-47 5
-75 5
59 32
-45 -78
57 28
94 2
64 -92
-96 88
-80 -45
-35 -68
60 -62
49 -46
-98 34
-28 74
-87 -39
-15 74
4 7
4 -48
-13 -89
-6 -5
79 11
-43 6
10 -49
-51 60
-28 -7
-14 1
-33 77
21 18
6 2
-65 -14
-60 -89
-75 42
28 46
-97 83
-1 -83
-28 -1
9 -8
-39 92
77 -13
-61 35
70 -34
73 88
-46 -65
-16 -25
44 78
-61 -26
-77 15
-62 28
48 29
-45 79
42 -92
23 64
7 88
-52 -96
-41 -95
-88 57
94 -41
62 -81
46 -94
-96 42
61 59
-93 21
-49 -98
-95 -21
-69 13
-21 -81
-99 11
-43 73
-61 32
32 -85
-69 -65
-64 -37
70 71
-27 -26
98 -53
-12 -64
67 -63
42 67
-26 64
-58 62
11 15
-36 -99
-2 -7
96 72
36 4
-54 -8
41 12
-22 29
50 -61
-84 24
48 -84
35 -79
-21 -44
-13 -91
-35 -67
-4 29
52 -70
-2 79
-90 -33
-26 -51
81 -7
-92 -60
-18 -24
-23 47
3 11
-12 19
69 67
60 -19
34 33
46 -32
-61 63
63 43
74 -80
-43 75
60 0
-33 -41
6 -16
-41 -82
29 68
-56 44
-61 -34
-52 32
84 -54
-35 50
-17 68
-24 30
11 7
64 93
-25 20
-36 42
-70 -18
7 99
75 51
15 95
83 25
-62 -26
11 99
-86 36
43 22
1 -25
42 60
83 73
-98 -29
99 86
76 -60
51 76
90 66
-89 23
-75 71
0 -29
-80 -7
29 22
-18 51
-14 -6
92 23
-42 2
-65 8
0 -25
60 95
45 -75
57 65
41 -98
-97 -94
-62 11
77 90
62 46
-30 92
-52 -53
-29 -96
54 94
-32 -70
-13 -97
-91 87
23 -42
1 -2
73 -20
35 -2
31 -42
83 38
-86 -28
-31 78
80 0
-88 -67
27 -86
-54 29
-91 86
55 -4
73 49
56 -76
29 -60
-81 65
-26 81
-70 37
87 51
-12 90
74 -43
45 52
-64 38
-65 56
-70 46
-1 41
50 -47
28 11
-54 -7
7 46
75 -30
-91 6
-12 7
19 -56
13 -47
49 -21
-72 72
54 51
0 45
-19 16
-85 3
-46 95
-88 -54
94 -89
1 86
43 64
65 -3
62 90
-4 -54
57 68
38 57
38 -76
97 31
-90 11
-6 -77
-84 -87
-61 -93
98 18
65 -1
-83 14
93 -58
-31 -9
91 -12
-61 -30
-92 -26
97 -8
-48 6
-80 16
-27 -18
-74 -19
-48 59
7 84
-92 -30
91 -54
-28 47
-45 2
-14 25
-98 -66
69 -12
-79 59
97 71
-88 -77
77 76
48 66
76 83
74 -24
-75 68
-72 -86
-98 -24
-85 -80
-77 93
-37 -4
58 -32
66 64
70 -38
8 75
35 64
-72 14
42 91
-26 -76
-57 91
51 -85
-68 -83
-50 -55
51 33
7 56
59 4
-61 11
64 38
-22 76
-31 -45
40 92
48 13
-55 9
55 69
-33 95
-60 40
78 -80
-81 -32
-42 58
-10 44
-19 -34
-14 -84
72 48
63 4
33 94
-2 54
-3 -89
-99 -73
75 28
83 -69
-98 79
-18 17
99 25
-82 -94
-4 30
80 86
4 88
64 -22
-74 17
20 -77
75 -54
89 -33
-48 91
66 9
-82 50
-87 2
-65 75
-72 95
-16 -18
87 -53
78 -56
91 85
38 64
27 47
5 -84
15 38
66 92
7 16
-71 -36
-67 92
-76 -38
1 33
-41 -67
73 36
60 -64
-77 -47
81 18
-98 -19
41 -14
61 30
4 29
-18 -83
-17 33
-33 -2
-46 -36
-79 -60
58 2
1 46
-90 -48
20 66
-24 77
45 2
-21 47
17 -30
-20 12
-35 73
68 7
66 -64
-68 -33
64 -78
-13 -7
-57 -46
37 -22
56 -28
-93 34
55 19
-72 -67
-79 41
63 0
-80 31
65 42
84 -78
-5 -79
53 -46
-60 93
-26 -35
87 -77
-78 -41
-73 73
-28 -98
4 88
82 58
38 -76
8 -31
6 -65
-63 -13
0 8
20 0
87 98
-61 -18
90 -32
-42 -48
-31 -17
74 -77
-10 34
-36 50
19 53
-66 62
27 6
-59 71
-76 -41
57 -83
-40 74
-74 -36
-94 40
-50 34
-67 40
-14 56
-60 -12
-95 -41
-84 -60
30 89
-31 83
-92 90
-62 20
39 3
81 -39
66 -72
-7 -3
-35 92
73 65
-33 31
46 73
-95 24
67 42
80 -22
51 -7
95 -37
4 -39
-97 19
68 38
61 2
-8 -14
86 -4
19 -97
34 -99
30 88
-3 -78
-40 4
25 -79
49 2
68 94
-26 73
99 73
-55 -39
-20 16
88 -36
-40 90
-58 52
66 11
-79 -47
-4 -48
67 67
-5 -11
-20 25
9 74
34 66
2 75
-42 -91
27 13
-24 95
23 -93
29 -75
-15 61
-84 -98
9 78
-79 53
-60 53
-38 11
-42 35
50 -61
33 26
-6 -74
-48 -6
61 -38
-71 -59
-58 40
-38 -56
-66 -9
-75 99
-34 -12
-13 -54
-77 33
40 -55
-1 -54
-34 51
-66 -95
54 0
82 -91
-88 10
23 67
-58 84
46 54
-14 -22
82 23
37 -72
-6 12
-48 -6
35 -71
-15 54
-16 -32
29 18
-52 -2
10 31
34 11
-94 -14
-34 42
67 -40
31 -3
-93 -3
-2 -8
-3 46
30 54
14 -6
29 -15
-24 87
52 -41
-94 73
98 -13
-38 78
65 -85
-26 -36
79 48
48 -31
-90 51
13 -82
54 -78
-78 3
56 -5
-40 -96
59 -58
99 76
60 -11
-27 -56
96 10
-26 -6
-7 -44
32 59
76 -59
71 83
49 33
41 40
51 -54
11 66
-33 -16
67 0
91 7
-57 81
66 -4
-98 23
16 28
9 -19
93 82
11 -47
-11 52
-88 72
-9 -49
80 48
-18 33
-87 -75
85 -20
90 76
68 -14
-81 86
-98 49
21 6
-45 70
-67 -18
11 -94
-89 10
-58 57
77 36
-3 7
78 92
57 94
-96 -79
-19 25
22 -35
8 17
-32 57
-37 -7
60 32
-27 -47
30 -13
-11 -17
-63 -33
-64 11
62 -73
-9 -96
-18 -22
-16 6
86 -86
92 -95
80 4
65 12
53 61
-89 31
18 -49
-76 27
1 87
-75 58
-94 -7
2 83
53 -83
-7 -74
81 1
61 32
0 31
-8 39
-47 10
-86 77
44 57
-3 -31
56 -98
49 -48
-96 -97
50 76
96 44
-50 52
22 17
-6 33
48 62
54 0
4 54
82 94
-33 46
-54 35
-83 44
88 3
-22 73
-65 0
-49 56
-65 -56
2 90
64 37
-26 2
-36 18
-5 17
60 56
68 22
48 -98
69 13
-64 42
23 -21
-51 -72
-56 -66
-96 59
-28 69
22 86
-16 -59
-71 -42
81 46
-37 -15
-13 3
11 33
-9 -42
-45 71
-5 59
78 -86
-96 46
-98 -33
-48 -84
2 52
-87 93
-30 -69
42 86
-38 33
87 -5
7 61
-70 -71
70 59
-77 -38
-16 86
74 -97
27 15
55 20
37 58
-76 -35
-67 27
-50 -22
-67 38
-51 -46
-1 72
7 80
8 -90
78 42
-49 -97
-52 -93
-38 23
70 97
-68 -69
-21 -27
-46 -40
19 33
-20 64
-95 69
18 23
37 -46
-56 89
-27 83
4 -23
13 -62
35 50
-38 55
-84 19
20 50
89 -50
12 82
-54 57
36 76
61 16
86 -90
-41 -65
22 31
90 -90
9 70
31 -89
47 15
59 -87
51 11
82 -95
51 -61
59 -61
-94 -90
-54 37
16 95
4 -8
4 -24
-5 -32
48 25
-43 -72
22 39
63 -45
47 77
-68 74
81 -33
-41 -49
81 71
-83 -40
-46 55
91 10
-69 3
-59 -72
-96 81
-20 -73
-21 -5
-56 -5
25 -47
-92 10
-63 97
-61 47
85 13
86 47
-72 -74
-27 -96
53 -97
15 -57
-67 -20
-59 -37
-82 -76
81 -79
-26 45
-41 -58
-72 -82
-29 12
14 0
-24 -98
-26 -2
-58 -41
27 26
-79 -51
-26 36
-40 40
-77 77
98 -79
-97 -23
96 37
76 -79
37 70
-66 66
91 12
0 87
81 77
25 -34
62 4
80 -71
-31 -43
-23 13
-50 0
-47 7
0 35
-11 -39
-74 -15
-43 7
-93 -37
-90 57
-91 -86
26 -30
88 -60
-20 -56
68 61
-22 41
-12 89
-55 -17
-11 96
76 -67
47 -66
26 1
88 -53
-81 94
-40 56
-55 -47
35 -19
16 -36
38 83
-82 6
70 41
79 -49
67 34
-4 -83
13 -95
21 -11
-43 68
90 39
-71 10
-54 -17
-64 -73
-30 -89
-7 44
-89 -51
-67 47
-42 24
73 84
-75 50
36 -34
47 -23
-41 -9
28 78
68 1
93 -59
23 2
16 48
86 -46
-36 27
-84 31
-36 5
-73 -27
0 90
-24 96
-39 69
79 70
73 4
-58 -7
-91 30
52 -10
16 7
-10 -10
79 -40
-21 47
23 -51
38 59
2 -79
-57 -11
4 -17
90 32
-57 -44
51 -42
-6 82
-13 -71
68 -63
-23 -8
-30 53
7 -29
22 87
-74 50
-55 70
76 57
-43 3
27 19
6 -31
32 22
-24 -38
-21 -21
88 23
-81 -81
-59 78
-82 -29
-24 -79
65 69
-40 38
88 65
-34 48
0 -71
-58 83
-53 94
-67 -19
-47 -26
72 -85
-28 80
36 76
-18 85
33 69
13 64
85 85
-82 96
26 -7
55 2
90 -11
-82 -23
96 45
-1 -14
-17 -25
16 26
33 -31
-63 -95
-5 -69
-37 -45
24 -27
3 -2
59 -25
44 -23
-91 -72
-14 -96
-57 -71
55 -24
35 -89
36 35
-96 48
-19 -93
-33 38
-35 -51
16 -50
-78 10
-93 5
74 7
-61 68
-7 64
46 -49
6 53
-89 -10
68 -99
-71 -15
63 -67
3 72
3 -85
-89 -24
57 -8
95 70
84 85
-97 4
59 -65
3 -98
93 74
-94 7
-77 -32
-24 95
72 41
22 18
35 6
80 40
20 -88
-69 65
8 -50
-96 -39
75 -69
-77 14
-27 41
67 99
80 24
39 25
-62 69
-89 56
-12 58
1 -32
44 -49
-53 -20
-56 14
59 9
-93 -34
-56 -81
27 -72
-79 18
-34 49
75 -36
88 -67
-4 79
-71 11
59 -29
-11 68
94 -26
73 80
84 92
21 67
-79 -56
40 -99
34 15
-18 -38
43 67
39 34
-7 35
57 -54
-92 -92
-35 -12
-82 -52
-12 -44
-74 -8
44 53
1 43
-77 -38
-65 -27
34 -66
61 -6
-40 32
-88 68
13 67
22 -19
39 -31
86 -70
67 48
-54 29
78 -76
82 -6
23 25
-97 -67
87 25
46 53
-62 24
-21 59
-24 -19
-36 0
60 77
-50 -39
-36 -80
45 78
30 56
-66 39
33 -35
-46 -66
-86 85
56 -19
-76 -13
-69 -18
-84 68
-32 70
29 57
-77 -1
-60 24
57 -22
-12 -76
70 15
69 -91
-17 -32
94 37
50 -44
35 -88
4 29
-79 -53
4 -12
-71 -10
41 -52
73 -12
40 -90
55 -25
-79 71
-58 -66
29 -62
97 56
-87 -41
46 32
-25 -1
25 28
66 -70
-89 -85
-66 -2
39 17
-97 -53
83 37
-79 -6
66 -81
-86 -28
-19 -21
-61 -26
89 -93
-82 -27
36 -79
-39 -4
17 -2
89 -11
-25 -26
99 -78
-64 -41
11 -56
45 -96
71 39
93 -45
-47 -97
21 -5
10 -66
-94 -13
22 -85
17 64
45 -60
-36 -25
-24 58
83 -17
71 -93
40 49
-13 88
3 -67
-39 26
17 -63
53 -46
-82 64
66 72
97 -36
3 78
-41 43
-87 55
3 45
57 76
83 -38
-12 93
14 78
49 0
-84 -8
-96 88
91 71
20 36
-35 -36
74 65
96 -62
-49 -75
-89 1
-21 -47
-81 -95
-57 99
-59 29
13 34
5 89
57 -60
72 -24
-93 56
67 64
99 -91
-3 -68
32 -88
-84 15
-20 72
73 18
-82 91
90 -74
66 22
-69 -41
-78 -18
78 -48
-54 92
-73 -46
-68 -90
-20 -64
-48 -12
34 -89
-4 -86
-9 8
-2 73
-26 -47
-81 67
86 77
-10 7
60 38
73 -4
-54 9
-6 51
9 -48
71 58
-67 83
-95 95
-40 97
51 42
18 -22
-34 -67
40 28
5 52
42 49
-41 52
21 22
-65 -28
87 17
12 85
-26 19
18 -6
-65 -18
16 41
94 27
-52 56
-74 48
10 -93
-66 55
70 40
-27 -96
-2 -56
-96 -34
10 85
-69 -83
-4 25
99 -32
-41 99
19 22
4 87
-72 -56
-5 -36
-96 77
93 -69
9 6
53 -95
-68 -82
-13 -61
94 94
-44 -77
-23 1
-47 -65
-77 -55
-82 98
-22 68
89 20
-48 33
-73 0
8 14
38 -99
-8 -4
37 54
-10 -26
0 -51
50 -37
-39 73
-38 60
47 -28
94 -76
62 90
66 54
-32 -33
-67 -34
-15 47
-25 25
-28 -71
23 5
66 43
-30 -2
31 61
-68 -71
67 19
73 -53
90 -8
-27 -71
93 11
33 -84
77 60
22 -69
-34 -60
-10 53
44 -80
-12 -40
-10 97
23 -46
-94 -50
-4 12
-63 45
32 1
-73 3
-18 -2
-21 79
68 12
-3 44
33 37
98 90
10 -45
-24 -6
67 1
67 -28
4 32
83 31
-40 -97
-29 21
-32 -16
54 48
93 46
59 72
-33 -55
-58 98
-28 -71
38 40
-16 59
61 42
-20 -17
-17 38
-65 -39
-82 51
-6 -89
28 14
