1000
-30 5
56 -97
38 55
-88 -26
53 24
87 -92
-46 1
70 37
-17 24
-7 -3
86 -11
8 38
-4 24
-4 -24
52 -9
37 94
67 31
-69 -54
-80 58
86 -25
-67 6
-87 25
-80 48
47 2
90 -74
-45 -40
56 -24
-87 -45
-86 85
-95 86
-41 81
-43 -71
-64 -11
-77 -15
-52 -68
-8 44
49 -63
-23 68
-15 73
-37 12
98 -82
-52 -79
-53 82
48 -29
66 -92
-81 -52
56 -22
16 54
-56 68
-26 -84
-96 7
61 78
-93 -36
98 10
34 -4
66 -59
40 7
-46 -75
-22 -77
-98 28
76 49
-21 88
75 -38
-58 99
-67 50
-83 90
-16 -27
-96 -74
46 75
-48 17
29 39
81 74
-50 -82
67 -80
-7 -39
-67 28
-26 -40
88 58
25 88
91 99
65 -82
21 8
-80 58
12 93
58 4
48 -84
28 8
51 96
-26 35
-28 -52
22 -38
91 4
75 62
-68 -30
-83 -50
99 -39
-59 -90
-44 45
-51 27
-70 -95
16 75
63 61
61 4
71 74
4 51
-91 20
70 -72
8 72
-46 47
-58 83
-63 90
19 -32
-18 44
-78 64
58 -8
46 20
-54 15
46 9
86 78
-74 -98
22 -80
-96 -29
-88 49
-17 -20
13 -29
-44 -47
-92 78
6 22
77 -12
-22 39
-92 -48
-84 -96
46 14
22 -37
10 -46
-44 -14
-51 -63
54 14
2 -91
-5 -47
-76 -47
81 -74
37 -16
38 -45
-13 78
-48 -88
65 -16
-74 55
61 -2
46 4
78 -57
-89 -33
-95 90
21 98
-87 24
14 -43
93 72
13 -90
14 -42
-84 98
-13 -69
81 -9
-63 19
49 2
-84 80
36 83
76 -19
95 8
-62 -46
32 7
-92 7
-74 88
20 -14
-87 -57
-23 77
70 58
51 34
-53 79
-69 41
-62 -18
62 81
-73 -5
-23 6
-86 76
87 82
1 79
-23 -76
-52 -69
75 -37
64 -77
-79 -60
67 29
-45 87
-33 70
-96 75
25 -63
-49 -74
13 65
-86 -49
32 43
-48 -72
-92 17
93 -78
-80 -34
-67 -45
-53 10
76 30
0 2
88 22
-16 -97
99 -4
48 73
-27 -70
-87 -61
96 -45
21 36
-25 86
-83 -45
-7 -58
-54 68
-59 36
12 15
37 -64
52 54
-50 -45
-86 32
-44 -65
59 52
-54 -56
64 -35
-42 40
23 92
-39 80
-31 -53
36 17
64 34
55 12
27 -29
-69 70
-99 91
-43 -24
46 44
73 78
-69 -44
93 -96
-7 44
38 7
-2 -37
-30 -25
70 -49
-16 63
89 -38
-20 -51
90 -31
32 -94
70 -50
43 81
9 32
-11 -76
14 -56
34 88
-62 -18
-19 47
-46 7
-53 -7
17 65
37 38
0 -92
69 46
-15 -54
22 -29
89 98
5 5
-28 -61
-86 82
63 10
65 82
37 -70
48 -49
19 8
-83 11
21 -48
-16 51
11 -63
48 -71
51 66
27 -5
61 88
-23 93
-65 -68
-21 55
-12 -91
-78 98
-47 -51
-3 -98
73 98
84 -69
-15 -64
84 -50
-44 -72
80 -45
-69 43
98 0
-22 66
43 -68
78 63
88 59
42 -7
50 -15
-51 28
13 22
-48 52
-62 5
3 -72
8 -56
57 86
18 -16
35 -78
-68 17
18 68
-55 -59
45 -44
-64 -37
-61 -1
-91 34
19 -66
-55 33
52 -58
74 -58
-36 -85
77 73
-41 2
39 -74
-69 -53
83 -30
13 -37
-77 -43
-59 34
97 -27
56 67
-38 84
21 -6
-60 -43
-43 -94
-42 8
-28 26
26 -2
83 -91
-74 14
16 35
18 -14
60 34
-34 -64
-20 99
-23 -80
-98 32
42 38
65 63
-62 0
78 77
38 -58
33 -76
-26 40
6 -55
-9 -13
-15 -80
89 -67
40 15
-85 -64
88 -24
91 -71
-43 20
22 52
57 -17
-64 71
-82 -94
-21 41
-84 -86
23 -5
-12 80
-71 -92
92 32
66 15
-87 77
55 87
-62 -8
-62 -73
-80 75
-73 -41
89 41
26 12
5 -9
68 -21
49 63
-39 95
36 1
10 -35
24 0
-83 -64
99 40
26 23
-54 89
62 24
99 -30
68 -60
98 -57
25 9
5 97
96 -13
-4 -88
-43 -67
21 92
-69 -35
54 -9
53 -77
40 -42
-55 -20
-53 14
-5 79
-97 53
-12 -1
81 99
71 -31
-57 12
-5 -26
-81 72
-63 -2
15 99
43 28
93 4
-52 -19
35 65
-82 -32
-85 56
-1 -36
-15 -99
-53 75
61 9
24 46
-13 -86
34 53
-83 -29
-56 11
-88 -55
56 70
-25 -77
78 39
15 53
24 -27
8 -96
76 -86
95 5
-47 -47
84 -58
-56 -30
-97 -4
-11 80
81 -29
97 72
28 -19
15 11
5 -73
-89 28
-97 -18
47 89
-21 -22
52 -19
35 39
-84 -69
-8 7
-58 -19
4 22
-57 -67
61 89
16 -95
94 -39
10 -8
33 -34
-52 37
-23 97
-85 -88
55 76
-11 -93
-17 31
-91 -73
81 -6
-66 87
-88 3
36 85
90 65
57 -41
-33 19
32 8
-54 -98
45 98
38 -98
-81 34
11 79
-72 2
-31 71
-73 -35
19 88
76 13
-56 15
36 26
35 -29
-58 71
40 -41
-39 -20
-30 -89
-99 -13
77 54
4 -71
83 3
27 70
-11 28
-46 75
20 16
1 -45
-51 88
80 5
-53 -27
64 -82
-6 -46
-32 22
0 -68
5 -76
-15 -5
-49 -89
-99 -23
-17 10
-38 -72
-3 35
-1 -98
26 -52
56 25
-53 -99
-63 -53
57 -37
81 8
59 -15
10 12
85 79
-4 75
23 -50
26 29
84 -81
47 -21
88 -85
-81 -42
-58 -25
-22 13
-89 57
7 26
89 1
91 -65
-72 -10
63 -40
51 -26
56 4
52 -34
4 -79
-62 -37
90 -39
-37 -44
-13 -58
5 -50
76 59
-44 53
-34 0
-9 37
17 -72
-86 -5
47 -46
-10 -68
96 29
-36 -22
75 6
-57 -30
4 54
69 69
66 -47
-19 -70
76 -96
-19 -67
0 -51
34 77
-16 10
30 7
-17 -58
34 -50
36 -32
-8 57
-95 -50
-91 22
-70 76
26 13
-62 0
28 32
-35 -70
76 60
18 95
4 -82
11 -95
-76 61
-12 12
99 -28
-54 -38
97 36
-84 58
52 -12
20 33
-63 -72
94 -23
-47 16
44 0
-11 71
-90 -29
-58 -47
58 -18
38 -81
-58 -87
94 49
77 -5
-41 -92
96 -47
56 -44
77 51
22 -20
-34 -65
81 57
-3 70
73 51
-44 -24
-99 -63
65 62
38 60
18 94
15 24
-95 -52
-18 -26
-91 77
59 -79
-23 11
56 -55
46 -48
53 10
-41 -57
-19 25
10 -55
15 64
92 -93
10 -79
-2 -3
61 -17
-39 -24
-27 79
15 98
-64 54
35 -97
-66 43
-2 58
59 69
-22 -16
32 40
58 -91
-10 -87
65 -22
90 46
-13 -27
-5 56
3 -40
-55 -67
1 75
-89 -26
-14 61
-2 -64
12 -33
73 51
9 42
-16 -57
35 41
-51 -65
29 53
98 -22
-33 -14
96 88
28 66
29 46
-63 -89
-54 -96
91 -31
-47 -79
30 15
-43 -35
-59 -1
-38 91
-30 -65
-50 1
-23 35
48 -53
-11 -14
-1 79
19 -59
57 71
0 45
-60 99
79 38
74 -17
61 -15
-32 64
-92 68
98 -5
55 -31
-98 -12
97 -47
-78 -27
74 -95
-65 7
-14 26
-10 7
11 14
21 -91
-22 -25
53 -26
92 -83
-68 42
41 8
-61 94
-39 36
-79 98
-31 -2
-78 -25
-13 27
86 65
3 63
23 -12
-72 -98
96 64
-3 0
-83 78
-19 -98
46 -96
-26 19
36 46
2 2
-56 -57
-82 34
-86 9
61 -70
66 -66
53 75
97 62
86 3
-35 60
-33 25
-97 62
-72 -44
-14 -80
14 -56
-63 16
29 84
41 70
-53 37
5 96
-48 -15
-72 -63
41 7
-66 20
-95 95
-47 -47
20 -57
-75 -43
-18 42
86 52
-94 -37
-52 -87
49 49
-99 -82
-99 -82
71 -23
1 -24
69 64
66 -62
95 -74
-91 -35
-50 75
-83 -2
-52 5
-9 57
-47 76
50 19
84 31
73 -45
-59 -98
46 45
-33 -51
-28 -91
43 48
40 27
11 75
-87 15
-74 -7
80 -68
10 -54
-44 -81
81 83
-41 -2
58 84
71 -69
-84 91
1 87
89 -15
51 -26
95 -2
23 -99
-71 35
-96 32
-45 -31
-36 -8
-39 16
-75 2
-94 74
58 24
-27 -94
-30 58
91 87
33 36
93 -91
1 82
9 -23
17 30
-62 5
-55 40
27 47
-69 -60
77 -55
83 16
59 -48
78 8
98 -15
0 87
7 3
-41 7
58 -12
-1 -28
11 97
-9 -91
51 35
-66 -6
-34 -98
5 -97
78 -27
78 98
52 -75
43 -82
64 39
-13 44
-56 91
-80 -65
-36 -85
-49 4
-53 -52
59 93
36 64
-73 -16
-77 79
-16 -11
-69 96
-11 -25
-85 38
16 -26
-36 -87
-24 -13
-70 -63
62 -79
-65 95
-68 -19
67 60
-31 1
-50 35
-76 -72
85 94
-35 -94
91 2
-11 -36
-37 90
54 -91
14 -94
5 -36
-56 -59
66 21
51 -77
-94 -59
0 -52
98 71
-29 19
-12 68
87 82
-82 -9
9 -62
-20 22
-33 -79
89 38
48 66
20 -28
17 80
5 -85
97 -25
-58 51
62 36
85 -43
2 89
18 -55
-83 -48
53 23
-44 -7
-31 41
-30 -10
-56 41
-41 70
81 -67
-51 43
-28 18
67 -39
-42 -92
77 14
-20 77
-6 46
36 61
-58 -55
14 -23
-56 -12
78 42
-64 -78
-69 97
-49 -46
-49 79
17 32
-46 -11
23 -37
63 -68
-1 -14
6 -28
95 -83
-98 -57
-8 34
69 -91
-87 -43
-61 -25
59 47
-59 43
-58 -70
23 79
-13 31
19 -31
-39 13
-4 -10
-59 37
15 81
22 71
19 -43
88 16
71 22
8 58
-55 47
-19 -25
-85 -74
61 -1
27 84
42 -96
-28 -96
-77 54
-26 19
-12 72
-46 -4
39 -66
43 33
-21 31
10 -45
21 87
95 -55
88 -65
59 -82
-4 25
-80 42
-14 -58
31 81
-83 84
-4 -62
-77 -89
-74 33
13 -86
28 88
-86 -1
56 -69
-42 6
2 -74
-46 11
12 -13
